254 1671 3 926 3 3632 4
254 1702 3 926 3 64 4
254 1553 2 926 3 359 5
254 1692 2 1359 2 926 3
254 1553 2 1105 3 3152 5
254 1692 2 1380 5 1394 5
254 1195 4 1380 5 1394 5
254 1692 2 1702 3 2621 5
254 1671 3 1105 3 64 4
254 1066 3 3119 4 3695 5
254 651 3 3362 3 873 5
254 4748 1 3073 4 2242 4
254 1898 3 3708 4 2923 5
254 2443 4 3716 5 2891 5
254 29 3 501 4 591 5
254 1190 3 4299 4 3563 4
254 3267 3 3009 4 2509 4
254 1061 4 3736 5 3661 5
254 3780 2 3917 3 3175 5
254 530 3 4130 3 3816 3
254 1376 3 266 3 3916 4
254 1462 1 2222 5 2939 5
254 1802 2 1034 3 3460 4
254 1998 2 3657 4 2808 5
254 2476 3 3380 3 3200 4
254 1210 3 1434 4 4698 4
254 486 3 4062 4 1574 5
254 4363 1 4515 3 2550 4
254 1142 5 2094 5 804 5
254 2321 3 4213 5 3083 5
254 3653 2 2016 5 3152 5
254 1976 2 2466 3 359 5
254 3632 4 4365 5 1394 5
254 1620 5 3358 5 4832 5
254 4849 3 1861 5 4759 5
254 3479 3 474 3 2796 4
254 803 1 1908 4 2055 5
254 2454 2 4578 4 2830 5
254 3989 2 4402 3 1834 5
254 2027 3 120 4 4205 5
254 538 3 1832 5 2923 5
254 1208 2 1860 4 1906 5
254 4802 2 3075 5 943 5
254 1549 3 2172 3 3733 4
254 3678 1 3627 1 3738 2
254 1642 4 138 5 1753 5
254 2438 2 388 4 1660 5
254 3821 5 2424 5 2980 5
254 3759 2 505 3 655 4
254 2890 2 1768 4 4772 5
254 83 2 2233 2 1414 4
254 3567 4 3246 4 432 5
254 4104 2 1482 3 3558 4
254 835 3 1852 4 2489 5
254 4039 2 4319 3 501 4
254 2182 3 912 4 2805 5
254 4939 1 1268 2 4782 4
254 725 2 3833 2 1475 5
254 35 2 3444 4 574 4
254 2274 4 400 4 1098 5
254 4432 2 4566 3 2374 5
254 2010 4 2445 5 4205 5
254 2641 4 4297 4 623 5
254 2013 2 3351 3 3466 5
254 964 4 2382 5 1170 5
254 1924 1 2490 3 1731 5
254 4202 3 4753 4 1389 4
254 4157 3 378 4 3753 5
254 3165 1 4327 2 2030 5
254 973 3 4373 3 1095 4
254 555 3 2155 4 3255 5
254 1111 3 1694 5 3180 5
254 4183 3 4790 5 3761 5
254 2498 2 640 3 3447 5
254 3963 2 4694 3 3556 5
254 1291 1 2486 2 716 4
254 732 2 1297 4 876 5
254 3302 3 763 3 2775 5
254 4125 1 1280 2 4354 3
254 1113 4 2398 5 356 5
254 1383 2 2831 3 859 4
254 3752 3 2159 3 2976 4
254 1702 2 1195 3 1380 5
254 2466 2 4104 2 1195 4
254 1140 2 3881 5 1906 5
254 4079 3 2508 4 523 5
254 4818 3 815 4 439 5
254 4748 1 195 4 1899 5
254 238 4 2283 5 695 5
254 4197 3 4315 4 1819 5
254 97 5 4041 5 1586 5
254 4639 3 2852 4 616 5
254 2990 2 768 3 2416 4
254 2615 4 886 4 2281 4
254 865 2 3785 3 3141 4
254 3985 3 779 5 709 5
254 4032 2 4102 2 4438 4
254 803 1 748 3 3626 5
254 844 3 4848 4 111 4
254 4274 3 4581 4 3777 5
254 4232 3 3108 4 1110 5
254 4474 4 720 4 438 5
254 1874 4 787 4 776 5
254 4208 2 1829 3 4209 4
254 696 2 4469 3 976 4
254 1146 4 4586 4 1609 5
254 4363 2 3540 4 2642 4
254 729 2 4555 5 3083 5
254 3182 2 3041 4 1128 5
254 2009 3 4961 5 1042 5
254 4868 1 2929 4 4261 4
254 3189 3 1193 3 2479 4
254 1924 1 2871 5 3166 5
254 3922 4 3329 5 3385 5
254 1120 4 962 4 3372 5
254 587 3 2894 4 2539 5
254 2180 3 2605 3 2789 4
254 37 3 2706 4 3952 4
254 1929 3 3690 5 747 5
254 1277 3 206 4 144 4
254 159 3 238 4 1250 4
254 914 3 415 5 156 5
254 1839 3 3479 4 2113 5
254 4709 3 3907 5 739 5
254 4969 3 3717 4 2815 5
254 1349 1 247 2 4522 4
254 4710 3 4257 4 4492 5
254 2972 1 2022 4 3892 5
254 2179 2 1965 4 3842 4
254 4203 3 3328 4 3723 5
254 4001 3 1624 3 3395 4
254 4697 2 3560 4 1272 5
254 424 4 1512 5 1035 5
254 1242 4 2076 4 823 5
254 4233 2 2283 4 3432 5
254 1320 2 4097 4 2526 5
254 1346 3 2140 4 3964 5
254 2185 2 3531 5 2381 5
254 669 3 3676 4 990 5
254 1936 2 3615 3 988 5
254 4954 3 1700 4 1340 4
254 3079 3 3596 5 287 5
254 4350 2 1563 3 311 3
254 3452 3 2032 4 1982 4
254 67 3 3053 4 3506 4
254 1265 2 448 5 375 5
254 4860 3 3168 5 1500 5
254 3755 4 2956 4 1806 5
254 4046 3 4658 4 1619 5
254 3471 2 2711 4 3907 4
254 4502 1 1308 3 443 4
254 4030 3 3606 4 1130 4
254 4309 1 3295 2 1800 4
254 898 3 2241 4 1323 5
254 763 3 1727 4 2864 4
254 1633 2 1617 5 3254 5
254 4255 3 3551 4 1022 5
254 2852 3 2415 4 2762 5
254 4466 3 4274 3 4272 5
254 2498 3 2626 4 1445 5
254 1692 3 2031 4 2651 4
254 392 3 4158 3 3489 5
254 4356 3 1641 4 4484 5
254 2071 3 1194 3 1094 5
254 3030 3 4718 3 760 5
254 73 2 1026 4 2436 5
254 2234 4 1249 5 2891 5
254 1640 3 3000 3 2664 4
254 2972 1 615 1 4394 4
254 3088 3 3815 4 4105 4
254 3903 2 1383 3 2062 4
254 3945 3 4224 4 491 5
254 3762 3 1355 3 4404 5
254 4825 3 3758 4 2948 5
254 4635 2 548 4 1503 4
254 647 2 4490 4 983 5
254 1976 2 3632 4 466 5
254 1359 2 4868 2 1482 4
254 2487 2 4066 4 1980 4
254 3942 3 3007 4 3209 5
254 2078 3 2262 5 4687 5
254 2184 3 1513 4 2872 5
254 2206 2 4269 3 1411 4
254 2249 3 4765 5 4491 5
254 3578 3 3455 4 1778 5
254 1804 2 4916 4 4253 5
254 2253 2 3678 2 558 3
254 3703 2 470 4 2710 5
254 4943 3 2479 5 380 5
254 4212 2 4531 4 4607 5
254 3527 3 832 4 4475 5
254 4949 2 4945 3 3420 5
254 3116 2 4463 4 2190 5
254 2335 2 3500 4 4618 5
254 37 3 1051 4 3104 5
254 1762 2 251 5 222 5
254 3340 1 451 3 140 5
254 645 1 3942 4 4377 5
254 205 2 4468 4 1881 5
254 3482 2 4215 4 1465 5
254 3218 1 2740 5 1256 5
254 2433 4 4821 5 2400 5
254 4303 2 3657 5 1527 5
254 4452 1 538 2 837 5
254 1508 3 2159 4 1590 5
254 4348 4 1040 5 3050 5
254 357 1 4788 4 2137 5
254 4199 2 34 3 2947 4
254 862 2 3463 4 567 5
254 1031 4 19 5 641 5
254 612 3 1843 4 1438 5
254 2628 3 3103 4 4595 5
254 3653 3 4695 4 2689 5
254 4836 2 3612 5 858 5
254 2010 3 1026 5 2964 5
254 1030 1 3897 4 1935 5
254 4502 1 4665 3 2467 5
254 200 3 758 4 1090 5
254 148 3 4091 4 3694 5
254 181 3 4495 5 4168 5
254 1141 1 3557 4 86 5
254 3857 2 1821 4 3444 5
254 625 3 3915 4 1952 5
254 73 1 2728 4 4437 5
254 4871 1 4348 3 4804 5
254 4356 3 1672 5 240 5
254 4999 3 4455 4 4633 5
254 2860 3 4354 4 3069 5
254 4038 4 1129 5 1477 5
254 1265 1 3310 4 4293 5
254 2531 3 753 4 3856 5
254 4043 2 350 3 1876 5
254 1673 2 1950 5 4465 5
254 3791 1 757 4 4510 5
254 3427 1 2226 3 2619 5
254 4466 3 3005 5 2199 5
254 4543 1 3975 3 4642 5
254 4636 3 2057 4 2156 5
254 2660 3 2910 5 4906 5
254 2947 4 2604 5 4349 5
254 1651 2 1581 4 500 5
254 1030 1 2806 4 3672 5
254 4412 3 1212 4 4259 5
254 1553 3 1309 4 823 5
254 2912 2 3119 4 3008 5
254 298 2 582 3 3309 5
254 1370 3 777 4 976 5
254 514 1 1524 4 297 5
254 3078 2 1537 4 1044 5
254 387 1 3986 4 279 5
254 1758 3 4996 4 2345 5
254 4957 3 1747 4 3014 5
254 3546 2 4004 3 742 5
254 4241 2 4867 4 61 5
254 2900 3 761 4 2397 5
254 1665 2 4220 3 304 5
254 1168 2 2778 5 1863 5
254 1937 3 1307 4 2748 5
254 4999 2 528 4 75 5
254 3296 2 4948 3 4919 4
254 200 3 1222 4 439 5
254 732 2 3497 4 1274 5
254 3883 2 2744 4 869 5
254 2472 2 2352 4 370 5
254 253 2 1776 5 4494 5
254 4125 1 4886 4 508 5
254 2388 1 2339 3 1427 5
254 1360 3 1392 5 127 5
254 268 2 3735 5 4651 5
254 4859 3 2062 4 2092 5
254 3562 3 198 4 3449 5
254 1115 3 3890 4 3824 5
254 2970 1 951 4 3616 5
254 4596 3 916 4 1572 5
254 4376 2 4454 5 324 5
254 1029 3 1928 5 822 5
254 1563 1 104 4 4801 5
254 3945 2 1151 4 795 5
254 3382 4 3087 5 1756 5
254 1802 3 4196 4 1216 5
254 2755 3 1514 4 4605 5
254 3012 1 1433 3 522 5
254 1871 1 1709 3 226 5
254 3518 2 3868 5 3929 5
254 918 2 2083 5 709 5
254 3518 2 2739 3 3349 5
254 601 3 690 4 544 5
254 1968 3 2023 4 1414 5
254 4839 2 959 5 4344 5
254 3338 1 3136 2 2118 5
254 1191 1 3939 4 427 5
254 4309 1 4263 4 2183 5
254 1826 1 1011 4 4918 5
254 4546 3 4345 4 396 5
254 2485 3 2813 4 1813 5
254 3978 2 1135 3 2088 5
254 888 2 1099 4 1817 5
254 1352 3 3864 4 4276 5
254 1059 4 4865 5 4701 5
254 3906 1 2778 4 4830 5
254 4354 3 3480 4 3616 5
254 1087 3 2732 5 4494 5
254 4172 1 2602 5 547 5
254 205 3 460 4 3083 5
254 3799 1 2809 3 1285 5
254 918 1 4329 3 3498 4
254 553 2 4717 3 4856 5
254 3427 1 3116 3 2194 5
254 1345 1 4355 3 1325 5
254 3759 2 158 3 620 4
254 2377 3 168 5 3636 5
254 2884 3 3190 4 3789 5
254 39 3 1801 4 1876 5
254 2983 3 17 5 885 5
254 3330 2 3185 5 3275 5
254 1191 1 1514 4 2713 5
254 2727 1 3756 4 999 5
254 732 1 602 4 2381 5
254 4695 3 336 4 1957 5
254 1208 3 3140 4 1825 5
254 4723 3 2642 4 3184 5
254 1331 3 1768 3 724 5
254 2925 1 4292 4 261 5
254 2330 3 798 4 2424 5
254 1951 2 4928 4 2125 5
254 498 3 1475 4 1269 5
254 1068 3 1002 4 1479 5
254 1629 4 3717 5 3719 5
254 2192 2 725 3 828 5
254 3791 2 3087 4 2997 5
254 4573 1 2903 5 1811 5
254 2087 2 4020 4 825 5
254 1303 2 998 5 1063 5
254 645 1 839 3 2572 5
254 857 1 1896 3 1250 5
