2723 3408 3 1964 5 1577 5
2723 3754 3 1794 3 1964 5
2723 67 3 431 4 2890 5
2723 4528 3 826 4 3682 5
2723 4016 4 4067 4 1190 5
2723 2689 2 4800 2 3997 5
2723 3507 1 2882 4 2010 5
2723 4338 2 462 5 3416 5
2723 710 2 731 5 4548 5
2723 4037 2 224 2 3399 5
2723 427 3 883 3 1854 5
2723 3457 2 247 5 4812 5
2723 1412 3 3303 4 1480 5
2723 3328 4 693 5 2202 5
2723 4623 4 4922 5 2907 5
2723 853 4 4903 5 1487 5
2723 1955 2 2309 5 3767 5
2723 1627 2 4720 2 4526 5
2723 4783 4 381 5 2412 5
2723 433 3 1825 4 1839 5
2723 262 4 4155 4 1471 5
2723 4573 4 2318 4 3242 5
2723 4777 2 4098 3 3027 5
2723 4554 3 3213 5 590 5
2723 4749 2 1709 5 4303 5
2723 4870 4 296 5 754 5
2723 461 2 3746 5 2023 5
2723 379 1 4714 4 1490 5
2723 2695 2 4606 4 2452 5
2723 1291 4 2019 4 2287 5
2723 3039 3 3445 5 4524 5
2723 3184 2 2773 5 3668 5
2723 4690 2 680 4 4397 5
2723 4703 2 2302 3 4782 5
2723 4301 3 2397 3 2218 5
2723 1304 3 417 4 3209 5
2723 2359 2 1864 4 2281 4
2723 755 2 4421 2 3859 5
2723 3897 5 3016 5 2782 5
2723 4481 4 4219 5 4094 5
2723 1669 1 2929 2 3342 5
2723 3034 3 1731 5 4654 5
2723 3208 2 3571 5 256 5
2723 425 2 1818 5 3489 5
2723 2980 2 1864 3 4318 4
2723 333 1 455 2 2890 5
2723 1372 3 1712 5 2297 5
2723 3681 3 2018 5 3737 5
2723 1158 4 2442 4 4844 5
2723 1613 2 1766 4 744 5
2723 4508 2 2660 2 326 5
2723 4119 2 3553 4 1060 5
2723 4639 3 173 4 1368 5
2723 436 3 3024 5 467 5
2723 1211 4 3466 4 3327 5
2723 3868 4 2521 4 1029 5
2723 4260 4 2221 5 1082 5
2723 2827 2 2382 3 2964 5
2723 883 4 1856 5 1294 5
2723 1174 2 2031 2 2934 5
2723 193 3 3199 5 4879 5
2723 4468 2 4083 3 2057 5
2723 5 3 2177 4 501 5
2723 3319 4 421 4 2352 5
2723 4454 3 4109 5 74 5
2723 1043 4 2793 5 3158 5
2723 4068 3 3158 5 3890 5
2723 2310 4 3636 5 4084 5
2723 775 2 826 4 878 5
2723 1376 3 3011 5 4429 5
2723 3206 3 651 5 95 5
2723 769 4 3648 5 1278 5
2723 1298 3 2728 5 3773 5
2723 2049 3 623 4 3115 4
2723 757 3 2264 3 4795 5
2723 2534 2 2414 5 416 5
2723 322 3 2227 5 2426 5
2723 4487 2 1218 5 1594 5
2723 2194 2 550 5 4675 5
2723 2398 1 2966 4 3272 5
2723 1710 2 1645 4 4182 5
2723 2149 4 3928 5 1270 5
2723 2461 2 3926 4 3817 5
2723 4976 2 1870 3 651 5
2723 2547 3 2864 5 3155 5
2723 2366 1 1883 4 2788 5
2723 3093 4 3900 5 3771 5
2723 1286 4 582 4 3451 5
2723 504 3 4453 4 3497 5
2723 2919 2 912 4 1945 5
2723 4690 2 4887 4 3118 5
2723 2486 2 3872 2 4940 4
2723 4288 3 389 5 4085 5
2723 4777 1 520 5 2693 5
2723 3577 1 2078 5 1268 5
2723 4369 2 1647 5 3332 5
2723 1952 2 4047 2 4438 4
2723 4171 4 1046 5 194 5
2723 1620 1 2922 4 2539 5
2723 816 2 3407 4 1732 5
2723 3185 3 1002 4 2880 5
2723 2491 1 1921 3 132 3
2723 1657 3 2364 5 3999 5
2723 3074 3 857 5 1607 5
2723 516 1 3074 3 1769 5
2723 438 1 1471 5 2887 5
2723 3739 3 504 3 3362 5
2723 4533 3 3240 3 4591 5
2723 2534 1 3980 2 3180 3
2723 1837 1 1430 5 3437 5
2723 1488 4 4320 4 3323 5
2723 242 3 4803 4 1051 5
2723 1468 1 847 5 2268 5
2723 3568 3 709 5 1098 5
2723 3881 3 1792 4 2502 5
2723 2486 2 250 4 3088 5
2723 3520 1 1630 5 2683 5
2723 4095 3 1078 4 2706 5
2723 4072 2 977 4 1964 5
2723 2986 3 3394 4 3058 5
2723 376 4 2221 5 4428 5
2723 1339 4 2151 4 2386 5
2723 4639 4 1763 4 2655 4
2723 3432 3 1089 5 145 5
2723 1395 2 4785 5 2448 5
2723 557 2 4078 3 3215 5
2723 46 4 3972 5 4866 5
2723 2511 3 588 5 978 5
2723 3848 3 3088 5 2426 5
2723 88 3 2205 4 2355 5
2723 508 4 3082 4 1436 5
2723 3128 1 1485 3 4317 4
2723 2328 4 3552 5 2148 5
2723 3301 4 1888 4 3838 5
2723 3825 4 1487 5 1384 5
2723 1370 4 4790 5 3494 5
2723 1638 2 4298 4 3416 5
2723 3796 4 1264 5 1895 5
2723 4052 2 1944 3 2274 5
2723 3460 2 3118 4 1089 5
2723 4371 3 4360 4 3105 5
2723 4895 3 952 5 1642 5
2723 46 2 3965 5 3017 5
2723 3663 1 88 2 484 5
2723 4880 3 4542 4 4902 5
2723 3184 2 4633 3 2984 5
2723 1902 2 2080 5 1089 5
2723 2886 2 1064 5 3738 5
2723 2031 2 2507 4 4132 5
2723 2919 2 2076 3 111 5
2723 3502 2 3050 4 1095 5
2723 4054 1 471 3 253 4
2723 1074 2 838 3 245 5
2723 2015 1 1318 2 3784 5
2723 2150 2 3714 4 582 5
2723 2960 1 2464 2 2154 5
2723 989 2 4341 5 2560 5
2723 1984 3 3786 4 3282 5
2723 1061 2 742 4 1752 5
2723 810 3 3975 5 1099 5
2723 4632 2 842 3 3920 5
2723 1590 2 3993 5 98 5
2723 1101 3 2442 4 686 5
2723 2203 3 1724 4 1642 5
2723 757 2 3803 3 459 5
2723 3211 3 1936 5 941 5
2723 2829 2 357 3 2587 5
2723 1488 2 4501 3 482 5
2723 4190 1 2878 4 4811 5
2723 780 2 3369 4 2026 5
2723 1339 2 2576 3 4785 5
2723 3811 1 1735 4 4719 5
2723 138 2 3765 3 4691 5
2723 2093 2 2505 3 2178 5
2723 3507 1 909 5 3877 5
2723 2248 3 4453 4 2560 5
2723 333 2 4061 3 509 5
2723 2031 2 4509 4 76 5
2723 3038 2 1096 5 3887 5
2723 980 3 3278 4 1262 5
2723 1323 3 749 4 4563 5
2723 4972 3 1743 4 3560 5
2723 3664 3 4688 4 3678 5
2723 1247 1 1531 4 4590 5
2723 1617 2 2658 3 1392 5
2723 2205 3 1751 4 464 5
2723 3457 3 1051 4 2339 5
2723 2647 3 4774 5 4471 5
2723 740 1 130 4 3130 5
2723 710 2 549 5 3234 5
2723 4063 2 2757 3 2744 5
2723 3499 2 2499 5 3269 5
2723 4920 2 922 3 1322 5
2723 987 1 2076 2 4246 5
2723 4851 3 3775 4 2113 5
2723 2332 2 2980 3 3021 5
2723 3103 2 522 3 4419 4
2723 3690 1 4772 2 2304 5
2723 2713 3 3162 4 1194 5
2723 1438 3 3628 4 1141 5
2723 2040 2 1142 4 2123 5
2723 2865 2 4732 4 430 5
2723 3715 1 2546 5 1941 5
2723 4318 3 1157 4 3655 5
2723 2195 2 4836 3 4778 5
2723 2160 2 2645 3 4540 5
2723 2511 2 2732 3 3495 5
2723 3085 2 1443 3 1475 5
2723 3085 1 461 3 442 5
2723 3941 2 3754 3 1408 5
2723 87 2 4941 3 4524 5
2723 2570 4 3613 5 1573 5
2723 1882 1 891 5 1086 5
2723 1243 3 2046 4 1177 5
2723 3166 3 2536 4 3007 5
2723 379 2 2787 4 3917 5
2723 265 3 705 4 3718 5
2723 1987 3 4645 4 750 5
2723 3037 2 272 4 1820 5
2723 721 3 2330 4 2158 5
2723 2076 3 1515 4 968 5
2723 421 3 3536 5 1941 5
2723 3075 2 2792 4 3836 5
2723 4578 2 1179 5 3591 5
2723 1694 2 3995 5 1596 5
2723 1762 3 4649 4 2559 5
2723 163 3 623 4 3192 5
2723 3709 2 2517 4 382 5
2723 4743 2 4614 3 3495 5
2723 2627 2 2976 5 1474 5
2723 2960 2 2189 4 2098 5
2723 2980 3 4406 4 2542 5
2723 4941 3 799 4 1684 5
2723 4814 1 224 3 1978 5
2723 2015 1 2935 5 3817 5
2723 3753 1 833 3 1500 5
2723 4738 3 233 5 359 5
2723 757 3 3881 4 530 5
2723 2511 2 4976 3 2386 5
2723 3321 3 97 4 4265 5
2723 3601 2 705 4 194 5
2723 1874 3 4808 4 1838 5
2723 3980 1 4767 4 2460 5
2723 4190 1 2647 2 3182 5
2723 4037 2 4519 3 2548 5
2723 2612 1 949 3 568 5
2723 2800 3 3682 4 1878 5
2723 2862 1 3129 2 2088 5
2723 2482 2 3038 3 1411 5
2723 3915 3 3698 5 2752 5
2723 2667 2 4824 3 638 5
2723 2950 2 27 4 861 5
2723 1787 3 975 4 966 5
2723 3293 4 941 5 2803 5
2723 4190 1 4761 4 2061 4
2723 3958 2 4772 3 312 5
2723 2929 3 183 4 1398 5
2723 3031 2 2677 3 1225 5
2723 1443 2 843 4 2900 5
2723 2985 1 186 5 3696 5
2723 3354 1 1797 3 2964 5
2723 4834 1 3005 2 2469 5
2723 3453 2 31 4 3711 5
2723 4689 3 909 5 1255 5
2723 3882 1 3522 3 3994 5
2723 3389 3 3351 5 4997 5
2723 980 2 476 3 122 5
2723 1318 2 4292 5 1855 5
2723 2040 1 2714 2 765 5
2723 4814 1 1620 1 4157 4
2723 1252 4 4939 5 4622 5
2723 2564 2 1413 3 3775 5
2723 171 3 109 5 1954 5
2723 425 1 3118 5 1194 5
2723 1908 2 4463 3 273 4
2723 816 2 2361 4 4109 5
2723 4336 2 4023 4 456 5
2723 2186 1 3755 3 3542 5
2723 2769 2 1703 3 2546 5
2723 2525 2 1586 3 243 5
2723 2992 1 542 3 593 4
2723 4072 2 3095 4 1597 5
2723 4359 3 3218 4 970 5
2723 2800 2 4870 3 236 5
2723 4836 3 4313 5 3447 5
2723 3529 2 2631 3 4839 4
2723 3203 2 4536 4 269 5
2723 1143 4 2475 5 4739 5
2723 4033 3 3667 5 569 5
2723 4042 1 846 2 4160 4
2723 1257 3 4696 4 4552 5
2723 2695 1 129 4 4202 5
2723 3376 2 2815 4 4282 5
2723 899 3 269 4 4202 5
2723 3493 3 4880 4 3052 5
2723 3501 2 2239 3 1750 5
2723 4636 3 4955 4 1563 5
2723 87 2 592 4 546 5
2723 865 4 1348 4 808 5
2723 2464 2 3893 3 1137 5
2723 2800 2 1948 3 478 4
2723 4538 2 1092 3 4573 4
2723 1055 3 2758 4 2790 5
2723 4224 2 4716 3 3379 5
2723 1464 3 4624 5 420 5
2723 419 2 1142 4 4255 5
2723 1908 2 2177 4 1534 5
2723 3882 3 1472 5 1830 5
2723 2683 4 2396 5 3874 5
2723 1784 3 3565 5 2932 5
2723 3592 2 3355 5 423 5
2723 3062 5 1578 5 4549 5
2723 3053 2 2469 3 1540 5
2723 3300 4 1223 5 3826 5
2723 1663 2 4359 3 2715 5
2723 4125 5 1461 5 1105 5
2723 2099 4 4871 5 4001 5
2723 886 3 4265 5 1361 5
2723 2552 2 480 3 3168 4
2723 2510 3 50 4 1894 5
2723 1808 2 1069 3 4304 5
2723 128 1 2062 5 3556 5
2723 2250 3 3812 4 954 5
2723 3 3 3093 4 4231 5
2723 3990 2 3111 3 416 5
2723 3934 3 3385 4 4862 5
2723 905 4 1248 5 1220 5
2723 3129 2 196 3 1859 5
2723 3349 2 2836 5 1647 5
2723 2054 1 4083 2 1414 5
2723 3185 1 3152 3 562 4
2723 1922 1 4323 4 1231 5
2723 3120 2 1203 5 3528 5
2723 3156 2 4117 4 2538 5
2723 2582 1 4446 5 1415 5
2723 3911 2 3100 4 3487 5

