715 2020 3 4011 4 2836 5
715 4737 3 564 4 2508 5
715 628 2 4933 4 992 5
715 4461 2 101 4 2078 5
715 592 2 2736 4 1401 5
715 351 2 4790 3 4386 5
715 4318 1 84 2 619 5
715 333 2 1272 3 3759 5
715 1149 3 2600 4 1008 5
715 2056 1 2258 4 3306 5
715 2958 1 427 3 536 5
715 4929 3 319 4 13 5
715 4738 3 4550 4 3191 5
715 2152 1 502 3 3977 4
715 292 3 1841 4 903 5
715 3396 1 80 4 4104 5
715 1606 3 4741 4 4953 5
715 3563 2 709 4 985 5
715 4418 3 314 4 3869 5
715 3707 3 3871 4 3920 5
715 1737 2 89 4 2681 5
715 1683 3 2243 4 2276 5
715 1648 1 3842 4 3483 5
715 410 2 2765 4 3187 5
715 3368 1 1296 5 2356 5
715 2411 3 4415 4 1004 5
715 62 1 2230 2 825 5
715 3277 1 3704 3 3582 5
715 990 3 507 4 321 5
715 4447 2 3915 3 141 5
715 421 2 117 4 2563 5
715 3309 2 1955 3 1011 5
715 1569 1 3085 3 1932 5
715 3277 1 3955 4 4405 5
715 2097 1 2722 2 1414 5
715 3069 1 3834 4 398 5
715 3390 2 2167 3 1150 4
715 2464 2 450 4 4946 5
715 2963 2 1522 3 3239 5
715 4417 3 259 4 3887 5
715 1259 3 1901 4 4241 5
715 2604 3 2993 4 968 5
715 3396 1 325 2 465 3
715 1517 2 3101 4 4291 5
715 1672 3 4236 4 4084 5
715 2792 1 4362 3 856 4
715 1317 2 3553 4 2719 5
715 3617 1 4920 3 49 5
715 1300 2 1700 4 2266 5
715 4907 2 183 4 1831 5
715 3054 1 1021 4 1119 5
715 1772 2 1259 3 1795 5
715 2757 2 1680 4 2859 5
715 4973 2 1846 3 493 5
715 104 2 3128 3 4917 5
715 3348 1 1034 4 2360 5
715 455 2 2281 3 3465 5
715 3797 2 3575 4 4107 5
715 4019 1 1683 3 170 5
715 4194 1 4907 2 4252 4
715 1773 2 1979 4 1309 5
715 168 2 3230 4 2210 5
715 1797 2 19 3 270 5
715 2427 2 3435 3 3383 4
715 390 2 4657 4 3400 5
715 1126 2 4377 3 4577 5
715 2807 2 2153 5 2709 5
715 153 3 4735 4 536 5
715 1420 3 226 4 2921 5
715 128 2 680 3 548 5
715 3287 3 2325 4 1877 5
715 3806 1 4014 5 346 5
715 3736 1 1708 3 663 4
715 3376 2 507 4 2744 5
715 3196 2 2597 4 2907 5
715 3069 1 4648 4 1425 5
715 3792 2 1300 4 1800 5
715 287 1 3764 4 4184 5
715 2314 2 2982 3 3944 5
715 3221 2 2205 3 166 4
715 3735 2 3556 4 353 5
715 2950 2 2594 4 968 5
715 2561 2 1329 3 1539 4
715 4392 2 2476 3 3573 5
715 2650 3 873 4 2420 5
715 714 2 2850 4 603 5
715 987 2 2556 4 4844 5
715 4991 2 4793 3 4211 5
715 4122 2 1957 3 462 4
715 1463 2 2163 3 147 4
715 2035 3 853 4 4658 5
715 3803 2 4827 4 1795 5
715 4829 2 3556 4 3656 5
715 3091 2 809 4 3486 5
715 1353 2 816 3 3805 5
715 4711 2 2920 3 260 4
715 4026 2 2971 4 1850 5
715 4542 3 1227 4 423 5
715 4359 1 1699 4 1483 5
715 4144 2 4170 3 3039 4
715 3464 2 3159 4 791 5
715 1643 3 793 4 2626 5
715 1586 1 517 4 1898 5
715 1282 2 2421 4 4229 5
715 67 2 758 3 3452 5
715 421 2 257 3 3151 5
715 4147 1 4765 4 961 5
715 539 3 943 4 3864 5
715 4019 1 1372 4 2131 5
715 445 2 173 4 3987 5
715 4733 2 3001 4 253 5
715 4434 2 1229 4 1759 5
715 877 1 4617 4 4993 5
715 4270 2 3988 3 4969 5
715 4864 2 4690 3 309 5
715 197 1 2979 3 669 5
715 1556 2 2433 3 2899 4
715 1832 1 2586 3 2553 4
715 2187 1 214 2 918 5
715 1463 2 3137 4 3605 5
715 2150 2 1865 4 2165 5
715 1174 3 130 4 4916 5
715 4722 2 2644 3 543 5
715 1148 1 3632 2 4525 5
715 3158 2 3034 4 69 5
715 1884 2 2710 4 1875 5
715 742 3 2588 4 1497 5
715 1640 2 4727 4 1629 5
715 2203 2 2741 3 1301 5
715 4147 1 3532 2 4477 4
715 4416 1 1841 4 3873 5
715 289 2 443 3 35 5
715 3980 2 180 4 4699 5
715 4393 2 391 4 4028 5
715 1142 1 473 2 2680 5
715 257 2 179 3 1446 5
715 3707 2 2942 4 21 5
715 2147 2 438 3 1352 4
715 1963 1 276 3 2818 5
715 3317 2 1808 4 1578 5
715 1792 2 471 3 4966 5
715 3969 1 1317 3 909 5
715 1669 3 967 4 620 5
715 4016 3 3094 4 1750 5
715 4931 2 1637 3 4565 5
715 2205 2 4798 3 3459 5
715 2771 3 427 4 2474 4
715 1279 2 193 3 2434 5
715 2694 3 487 4 2692 5
715 2467 1 2575 3 611 5
715 2347 2 2981 3 553 5
715 2572 2 3569 3 4842 4
715 1797 1 3882 2 2603 5
715 2033 3 462 4 2151 5
715 2582 3 1694 4 2337 5
715 2886 2 464 5 4314 5
715 2428 2 4672 3 3527 5
715 769 3 1966 4 1436 5
715 425 2 2557 3 475 5
715 4419 1 344 3 4034 5
715 2115 2 1101 3 277 5
715 2285 2 3610 4 303 5
715 1719 1 1069 4 1019 5
715 4060 2 1778 4 3721 5
715 975 1 4369 2 549 5
715 2501 1 899 3 4990 5
715 3947 2 379 3 483 4
715 746 2 3027 4 3642 5
715 721 2 351 3 2973 5
715 2150 2 302 3 2244 5
715 2789 2 1793 3 3021 5
715 3396 1 999 3 850 5
715 3990 2 2477 3 818 5
715 4019 1 3383 2 2266 5
715 3889 2 2235 4 4612 5
715 4085 1 1519 4 1341 5
715 617 2 1318 3 1656 5
715 2945 2 1494 3 1311 5
715 3736 1 3507 3 2856 5
715 1872 2 1155 2 1782 5
715 4761 1 1097 2 3283 5
715 361 2 2148 3 1571 5
715 3301 3 3512 4 112 5
715 201 2 2035 3 173 4
715 2290 3 3012 4 2154 5
715 2105 1 3724 2 4861 5
715 4419 1 809 2 359 5
715 4072 2 4551 3 4974 5
715 3235 2 540 3 2925 5
715 4907 2 4898 4 1762 5
715 1692 3 3789 4 4640 5
715 2034 3 4280 4 3081 5
715 4918 2 758 4 3929 5
715 4147 1 586 2 2770 4
715 2034 3 4839 4 3422 5
715 1014 3 2625 5 3434 5
715 1973 2 3177 3 69 5
715 3593 3 4444 4 3051 5
715 1181 3 2173 4 2804 5
715 1077 3 3367 3 599 5
715 2762 2 269 4 3397 5
715 325 2 2633 4 2387 5
715 2032 3 2234 4 3920 5
715 3969 1 3403 4 4349 5
715 2235 3 1015 5 4621 5
715 4497 3 1372 4 904 5
715 2373 2 988 3 1953 4
715 989 3 3909 3 3406 5
715 1934 1 607 4 3696 5
715 3617 2 232 3 1262 5
715 532 1 3031 2 1737 3
715 1797 2 1050 4 3957 5
715 2878 3 2750 4 4565 5
715 2627 2 3392 3 2812 5
715 3664 1 4633 4 4001 5
715 1672 2 3948 4 458 5
715 2507 1 3470 4 2597 5
715 2767 3 3038 4 1178 5
715 1724 3 2729 4 3169 5
715 3577 2 3792 3 669 5
715 880 1 1561 4 1309 5
715 580 3 2823 5 2475 5
715 62 1 2764 4 2705 5
715 4929 3 13 4 783 5
715 4340 2 3938 3 1141 5
715 2097 1 1516 3 1856 5
715 3093 1 2601 4 1562 5
715 1646 2 3265 4 2312 5
715 2197 2 4519 3 558 5
715 1302 1 1907 4 872 5
715 3125 1 2849 5 3670 5
715 3124 1 2929 4 2625 5
715 2076 2 3890 4 3555 5
715 1225 1 208 3 3734 4
715 3719 1 796 5 2563 5
715 2596 2 3423 5 2680 5
715 4942 2 2534 3 4553 5
715 771 3 1709 5 689 5
715 4206 3 66 4 613 5
715 455 2 4940 3 1851 4
715 4501 3 3084 4 4661 5
715 2070 2 404 3 2509 5
715 3732 3 3895 4 527 5
715 3812 2 3144 4 2109 5
715 4752 2 2479 4 3444 5
715 44 3 4348 4 4964 5
715 3644 2 4526 4 4302 5
715 2714 2 695 4 1686 5
715 171 2 969 3 4262 5
715 4362 3 3065 5 536 5
715 3408 2 4256 3 1050 4
715 2197 2 1588 3 326 5
715 4144 2 1937 5 468 5
715 2613 3 4923 5 3794 5
715 4579 2 929 3 1920 5
715 2653 2 54 5 1538 5
715 397 2 4606 4 3101 5
715 3954 2 2663 5 863 5
715 3625 3 4477 5 1697 5
715 4521 2 89 3 4196 5
715 2919 3 222 4 720 5
715 706 4 2764 5 2260 5
715 4567 2 1709 5 4350 5
715 3997 3 73 4 1571 5
715 862 3 937 4 347 5
715 789 2 2924 4 3154 5
715 659 2 4365 4 499 5
715 2107 3 4418 4 3887 5
715 1991 3 2703 4 2100 5
715 2112 2 3361 4 978 5
715 1353 1 1308 4 2542 5
715 4131 3 727 4 2000 5
715 3522 1 202 4 4446 5
715 790 1 469 5 2745 5
715 4677 4 4946 5 2907 5
715 816 4 4664 5 2518 5
715 2312 5 10 5 1314 5
715 1657 4 2402 5 3513 5
715 623 2 370 4 281 5
715 771 4 2355 5 2106 5
715 3596 4 836 5 1807 5
715 4593 2 2085 4 819 5
715 473 4 1032 5 2616 5
715 986 2 3954 3 598 5
715 743 1 897 3 4767 4
715 1891 3 3201 4 731 5
715 3469 2 1428 4 4368 5
715 908 2 3199 5 3645 5
715 1923 2 1370 4 3466 5
715 4738 3 36 4 136 5
715 1205 1 3597 4 3021 5
715 4923 4 4022 5 4682 5
715 1789 4 1066 5 526 5
715 1934 1 2582 4 35 5
715 2572 2 3390 4 2383 5
715 4519 2 586 3 4618 4
715 3132 4 4774 5 1937 5
715 3719 1 1702 5 2267 5
715 2978 4 3105 5 3588 5
715 4607 4 1998 5 3770 5
715 4017 3 4978 4 2441 5
715 3915 3 866 5 4621 5
715 774 2 2476 4 1414 5
715 2199 4 2560 5 3358 5
715 2107 2 3301 3 2022 4
715 3616 3 3340 4 1954 5
715 3056 2 994 4 3098 5
715 4772 3 1146 4 3815 5
715 3812 2 2047 4 1248 5
715 4419 1 4787 3 4955 4
715 2979 3 3928 5 1877 5
715 4479 2 3228 3 3143 5
715 3529 3 2617 5 3048 5
715 3074 3 1359 4 4885 5
715 4318 3 2504 5 2803 5
715 3664 1 4465 4 1208 5
715 1836 1 1765 4 1363 5
715 201 2 539 3 2847 5
715 3089 1 3038 4 3130 5
715 2596 2 806 5 3422 5
715 2713 2 3667 5 3519 5
715 4593 2 557 3 2609 4
715 3003 4 2826 5 4621 5
715 2923 2 4970 4 1741 5
715 4991 3 4712 4 2686 5
715 84 4 2388 5 4317 5
715 917 2 327 5 2605 5
715 2014 2 3653 4 4495 5
715 813 2 3263 4 4963 5
715 1007 2 4072 3 3688 5
715 739 3 4300 5 3358 5
715 3754 3 4230 4 1779 5
715 1773 2 4740 4 144 5
715 2763 3 2716 4 3685 5
715 3926 1 2298 5 4321 5
