389 175 2 2492 3 307 5
389 2801 1 2142 3 2720 4
389 124 3 2957 4 471 5
389 3582 2 3832 4 169 5
389 4892 2 2469 4 4460 5
389 2898 2 3265 3 4737 5
389 2954 1 3931 4 270 5
389 2309 3 3451 4 3782 5
389 3022 3 3011 4 1343 5
389 309 2 2536 4 1644 5
389 2153 2 4653 4 623 5
389 4954 3 1191 4 849 5
389 1909 1 4306 3 2789 5
389 2149 2 3020 3 4479 5
389 316 2 1348 4 3324 5
389 2811 3 1544 4 2807 5
389 1912 3 113 4 965 5
389 3375 3 4930 4 1282 5
389 2007 3 1539 4 1973 5
389 4713 2 1902 4 3075 5
389 2670 3 934 4 155 5
389 3540 1 4630 4 4366 5
389 401 3 2544 4 3683 5
389 449 2 4660 3 2381 5
389 3743 3 2146 4 1585 5
389 4693 2 538 3 3964 5
389 2873 3 4361 4 2787 5
389 752 2 3837 4 3061 5
389 2871 1 2839 3 3536 5
389 1907 1 3222 2 3787 5
389 869 2 1246 3 2062 5
389 1818 3 4786 4 2610 5
389 1742 3 1141 4 1055 5
389 2812 3 3681 4 1689 5
389 1379 1 855 4 3268 5
389 4622 2 4660 3 3481 5
389 3107 3 899 4 1504 5
389 404 2 3176 3 1267 5
389 1821 3 1739 4 4459 5
389 3866 3 284 4 1413 5
389 1359 4 1453 4 1843 5
389 4764 2 2532 3 3559 5
389 4848 1 2973 4 4584 5
389 30 3 2033 5 1556 5
389 109 1 3677 4 1643 5
389 1741 2 3562 3 2748 5
389 3721 1 3055 3 3705 5
389 4756 2 217 3 1721 5
389 4435 2 3364 3 2389 5
389 3786 2 2153 3 3726 4
389 0 2 4387 3 4861 4
389 2021 3 202 4 2905 5
389 2880 1 571 4 2085 5
389 4694 3 2627 4 1647 5
389 508 1 4188 3 3327 5
389 2566 1 32 4 1726 5
389 95 3 17 4 3236 5
389 4312 3 3622 4 4808 5
389 4561 1 2217 2 1101 5
389 3491 1 1286 2 308 4
389 869 2 534 3 2897 5
389 3685 2 3762 4 3652 5
389 2626 3 1008 4 4017 5
389 3241 3 2311 4 4366 5
389 3090 3 3176 4 4218 5
389 4831 2 3381 4 3447 5
389 2323 3 2699 4 4754 5
389 316 2 2213 4 3432 5
389 207 1 545 3 3510 5
389 1595 1 87 4 3873 5
389 3670 3 3431 4 3740 5
389 1193 2 2548 3 182 5
389 2638 2 879 4 1064 5
389 3879 2 4489 4 3625 5
389 4401 2 3836 3 859 5
389 3015 2 1010 4 2745 5
389 3897 2 399 3 139 5
389 3023 1 4239 3 1761 5
389 3993 2 3694 4 4406 5
389 23 3 4438 4 2207 5
389 839 3 584 4 3498 5
389 2385 1 4280 4 1527 5
389 175 2 612 3 3704 4
389 3678 3 4110 4 2639 5
389 4818 2 3829 4 785 5
389 283 3 3416 4 4459 5
389 4128 3 4303 4 2501 5
389 3500 2 1297 4 378 5
389 2661 3 4697 4 3910 5
389 3588 2 1415 3 4573 4
389 3852 3 3795 4 4567 5
389 1730 1 2210 3 3695 5
389 3508 2 748 3 2417 5
389 2408 2 257 3 3449 5
389 388 2 1068 4 4812 5
389 2937 2 4196 3 1150 5
389 633 1 3088 3 4726 5
389 1274 2 2843 4 2122 5
389 317 2 4922 3 1203 4
389 4517 1 2458 2 3251 5
389 1884 2 1460 3 378 5
389 4649 3 4550 4 1813 5
389 2219 2 2463 4 89 5
389 4069 1 3813 3 4771 5
389 4030 3 1982 4 3125 5
389 4893 1 3122 4 614 5
389 2182 2 1958 3 1001 5
389 3939 2 73 4 1295 5
389 4592 2 1320 4 2081 5
389 872 1 666 3 4451 5
389 3473 1 4846 3 179 5
389 2776 1 1516 4 947 5
389 2858 3 4499 4 3274 5
389 3611 2 4552 3 4529 5
389 1252 3 1297 4 4470 5
389 2458 2 277 4 823 5
389 4201 3 862 4 876 5
389 314 3 3851 4 2331 5
389 362 3 4852 4 1510 5
389 4995 3 2547 4 516 5
389 4846 3 4790 4 2038 5
389 1490 2 782 3 830 5
389 3645 1 4524 3 3434 5
389 3966 3 202 4 2112 5
389 3486 3 868 4 4895 5
389 2495 1 4900 4 1095 5
389 2560 1 2124 4 1929 5
389 4961 2 3542 4 1390 5
389 2678 1 2647 4 3554 5
389 2553 2 4811 4 1864 5
389 1649 2 961 3 1645 5
389 3578 3 3077 4 3806 5
389 1415 3 3299 4 2821 5
389 2555 3 725 4 1410 5
389 2275 2 2434 3 4071 5
389 4250 3 798 4 322 5
389 1296 2 4376 3 3120 5
389 3827 2 2095 4 4084 5
389 4680 2 3866 3 823 5
389 3540 2 1189 3 4621 5
389 3897 2 2720 3 3321 5
389 297 3 1357 4 539 5
389 4313 2 1618 4 4122 5
389 3628 1 1014 4 2794 5
389 2268 2 1776 4 216 5
389 2861 1 3826 4 2768 5
389 4625 3 118 4 54 5
389 4255 3 4681 4 2917 5
389 1750 2 1286 3 3618 5
389 2408 2 2839 4 2074 5
389 3984 2 4457 4 1844 5
389 21 2 1917 4 1505 5
389 395 1 3095 2 4502 4
389 2001 4 3516 5 152 5
389 1214 3 4274 4 3447 5
389 3948 2 2956 4 3662 5
389 3070 3 900 4 2619 5
389 3734 2 212 4 2700 5
389 4077 2 2588 4 4960 5
389 3645 1 4478 4 3072 5
389 753 3 2973 4 2635 5
389 4299 1 401 2 2491 5
389 658 2 4312 3 634 5
389 1700 1 4149 2 2262 5
389 3642 2 360 3 3639 5
389 1542 2 3276 4 4246 5
389 3223 3 2200 4 4383 5
389 4661 1 1555 4 2803 5
389 2323 3 1348 4 334 5
389 3853 1 3007 2 2804 5
389 1305 2 4665 4 1319 5
389 3541 2 3269 4 1967 5
389 2937 2 3020 3 1041 5
389 1782 3 3752 4 2549 5
389 4322 3 2249 4 2510 5
389 3879 2 1308 4 3334 5
389 2405 2 4520 3 2444 4
389 1361 3 1996 4 3083 5
389 4860 3 517 4 4787 5
389 1336 3 3694 4 3650 5
389 4674 2 4952 4 939 5
389 4282 1 3936 4 1035 5
389 3844 3 173 4 1479 5
389 1379 1 2890 4 1823 5
389 3642 3 920 4 4960 5
389 4969 3 68 4 4784 5
389 1998 3 3800 4 125 5
389 2004 3 761 4 4367 5
389 149 2 2051 3 3705 5
389 3734 2 3612 4 2838 5
389 2286 2 3656 3 450 5
389 2694 2 4192 3 4080 5
389 38 2 2979 4 1991 5
389 518 3 2404 4 1438 5
389 2953 3 1105 4 4409 5
389 1331 3 2258 4 2099 5
389 1414 1 587 3 3460 5
389 4159 2 3146 3 2411 5
389 892 2 1375 4 2854 5
389 2670 2 1770 4 1635 5
389 4591 2 4073 4 163 5
389 4847 3 3269 4 197 5
389 2036 1 2711 3 2821 5
389 32 3 3739 4 2018 5
389 3686 1 146 4 369 5
389 1437 1 799 4 1172 5
389 1337 2 4025 3 3867 5
389 3230 3 2115 4 3865 5
389 3928 3 4504 4 3997 5
389 2131 2 4221 3 3143 5
389 493 2 4508 4 4668 5
389 1264 2 2160 4 2398 5
389 243 1 3826 4 125 5
389 1598 3 277 4 1245 5
389 1193 2 3791 4 2635 5
389 1550 1 1675 2 2939 5
389 2801 2 34 3 3947 5
389 3759 2 1124 3 1358 5
389 720 2 195 4 4020 5
389 485 1 2506 2 4477 4
389 1096 4 2613 5 382 5
389 4051 2 1770 4 1150 5
389 4124 3 2874 4 47 5
389 2618 2 4639 3 2148 5
389 1920 3 1566 4 2327 5
389 1140 3 1994 4 3622 5
389 852 3 597 4 4749 5
389 4381 3 104 4 4238 5
389 298 3 2683 4 2201 5
389 81 1 3290 2 5 5
389 2168 2 855 4 854 5
389 1274 2 3748 4 75 5
389 4794 2 4857 3 4098 5
389 1937 3 1679 4 3553 5
389 613 3 1887 4 4812 5
389 3993 1 1624 3 4774 4
389 1405 1 1348 3 4785 5
389 1532 2 4101 3 4607 5
389 4928 2 2873 3 1830 5
389 485 1 1015 4 4572 5
389 728 2 2386 4 2995 5
389 1489 2 4476 4 2837 5
389 259 3 2342 4 3789 5
389 403 2 1656 4 3058 5
389 3759 2 2879 3 4545 5
389 4233 2 3878 3 3655 4
389 423 3 3196 4 3294 5
389 4 1 1416 4 1372 5
389 3023 2 1743 3 1022 4
389 3070 2 2705 4 2468 5
389 1414 2 4374 4 1959 5
389 2548 3 3493 4 324 5
389 239 3 4450 4 1055 5
389 4196 3 4791 4 1545 5
389 2790 1 3694 4 1815 5
389 4764 1 2956 4 4642 5
389 782 3 513 4 3854 5
389 3982 4 3622 5 102 5
389 3508 2 3562 3 550 5
389 4637 3 4518 4 1062 5
389 2255 2 4101 3 4523 5
389 930 3 4902 4 2830 5
389 2265 3 1391 4 1661 5
389 2226 3 981 4 3593 5
389 3276 4 4629 5 1447 5
389 2751 2 1189 4 4671 5
389 595 1 3463 4 3905 5
389 4987 3 3292 4 830 5
389 4313 2 1521 4 3835 5
389 485 1 2372 4 778 5
389 2449 2 507 4 1455 5
389 1796 2 1386 3 2493 4
389 3349 4 4170 5 3969 5
389 1869 2 2836 3 3275 5
389 1785 1 1651 3 1681 5
389 2998 2 4402 4 25 5
389 3539 3 4843 4 4629 5
389 2196 2 3453 3 902 5
389 829 3 1784 4 3396 5
389 1006 2 3808 3 2803 5
389 2861 2 2627 4 289 5
389 3009 2 4376 3 244 5
389 317 2 1472 4 167 5
389 1274 2 1767 4 2819 5
389 4306 2 647 3 450 5
389 2368 2 2872 4 4059 5
389 3102 2 3223 4 1149 5
389 3645 2 1332 4 3705 5
389 1209 2 2884 4 4543 5
389 3686 1 4055 4 3561 5
389 4780 2 4846 3 799 4
389 4756 2 4051 3 3746 5
389 1201 2 1237 3 3846 4
389 647 3 2883 4 2903 5
389 809 3 361 4 1797 5
389 4893 1 1337 2 4754 5
389 3903 3 411 4 3636 5
389 4186 1 784 4 4009 5
389 3065 1 885 4 4670 5
389 239 3 1177 4 3586 5
389 2790 2 2806 4 2576 5
389 4139 3 2935 4 1677 5
389 759 2 1426 4 4279 5
389 358 1 4422 4 967 5
389 4435 2 4345 4 1418 5
389 3521 1 1958 3 443 4
389 1673 3 1928 4 390 5
389 184 3 1530 4 2348 5
389 1742 3 4152 4 4168 5
389 1574 3 918 4 3864 5
389 2368 3 1717 4 2762 5
389 1020 2 839 4 1603 5
389 1013 2 4125 4 3530 5
389 1422 2 3000 4 4207 5
389 4295 3 3024 4 240 5
389 383 2 1040 4 2166 5
389 1741 2 781 3 2303 5
389 220 2 3247 4 3212 5
389 4603 2 290 4 46 5
389 3729 3 4941 4 2097 5
389 2383 3 3085 4 4572 5
389 1529 2 2613 4 705 5
389 2036 1 4414 2 2151 3
389 4129 2 4010 3 3495 5
389 1595 2 1197 4 4430 5
389 1495 3 1449 4 73 5
389 1680 3 4478 4 2288 5
389 1480 2 2593 4 4543 5
389 2740 2 4008 4 1143 5
389 2149 3 1285 4 4956 5
389 136 3 4743 4 3372 5
389 2998 2 4573 4 1221 5
389 1664 2 3200 4 2807 5
389 3139 1 3322 4 2556 5
389 228 2 3301 4 1205 5
