667 1792 3 1586 4 1898 5
667 2280 3 255 4 522 5
667 3408 4 1298 5 2878 5
667 858 4 2251 5 3631 5
667 261 1 2424 4 982 5
667 698 3 1391 4 3689 5
667 957 4 2699 5 2164 5
667 1244 3 2662 4 1098 5
667 4065 2 2863 5 192 5
667 1808 4 4738 5 2075 5
667 3925 3 2662 4 1634 5
667 4346 3 3668 5 3016 5
667 3150 4 2079 4 1634 5
667 2596 4 3909 5 2809 5
667 4283 4 4534 5 2052 5
667 583 4 1159 5 1000 5
667 2319 3 2215 5 1352 5
667 4490 4 3567 5 1908 5
667 3504 4 410 4 4963 5
667 3861 4 1532 5 1026 5
667 2140 3 3963 5 39 5
667 674 2 2280 3 3872 5
667 1505 4 2388 5 4943 5
667 880 4 1722 4 2311 5
667 1095 4 4900 5 520 5
667 2581 4 4551 5 2746 5
667 49 3 471 4 2459 5
667 1807 3 1272 4 3603 5
667 592 4 1021 5 1821 5
667 428 3 2145 4 2888 5
667 4579 3 3699 4 1761 5
667 3754 3 1672 4 50 5
667 4140 3 2079 4 3876 5
667 2808 3 2655 4 260 5
667 1628 4 204 5 588 5
667 3771 4 2135 5 3490 5
667 1392 4 430 5 4521 5
667 3342 4 2077 5 2219 5
667 2513 4 1145 5 2444 5
667 1518 4 1185 4 4284 5
667 2420 4 1546 4 4341 5
667 858 3 4491 4 1173 5
667 2331 4 2396 5 976 5
667 3083 2 1546 5 2037 5
667 3612 3 3821 5 4014 5
667 4480 4 1035 5 1921 5
667 1954 2 2507 4 2718 5
667 4404 4 624 5 2268 5
667 3033 4 4838 5 3403 5
667 2096 4 3752 5 1002 5
667 2905 3 1111 4 1608 5
667 4682 2 719 5 3333 5
667 2406 3 516 5 4456 5
667 2282 3 3177 4 4236 5
667 806 4 4444 4 1212 5
667 1436 4 4429 5 464 5
667 4668 2 3548 3 808 5
667 2887 4 1927 4 1611 5
667 1899 4 3916 5 1864 5
667 3925 4 3413 4 3542 5
667 488 3 308 4 4982 5
667 3856 3 4827 4 938 5
667 2197 4 1393 4 4172 5
667 1272 3 3648 4 3881 5
667 2752 3 3412 3 1260 4
667 854 4 653 4 2503 5
667 4460 4 60 5 2451 5
667 3580 4 4328 5 3727 5
667 4120 3 3019 4 4391 5
667 2476 3 3366 5 4520 5
667 688 3 1745 5 2396 5
667 255 3 2280 4 1298 5
667 810 4 3718 4 2912 5
667 1654 4 2171 5 4202 5
667 2981 4 2863 5 3764 5
667 1798 4 3069 5 930 5
667 4164 4 2962 5 2455 5
667 3417 4 1586 5 4696 5
667 2258 3 1110 4 4913 4
667 2124 3 4214 5 3233 5
667 1519 4 1645 5 4722 5
667 3194 4 1077 4 266 5
667 1245 4 4385 4 159 5
667 4349 4 1248 4 952 5
667 1647 4 3676 4 1241 5
667 2892 3 2068 4 170 5
667 3235 3 2917 4 1960 5
667 1121 3 1669 4 4072 5
667 2581 3 1430 4 831 5
667 2842 4 2439 5 4779 5
667 4985 4 683 5 4416 5
667 1005 3 2508 4 1376 5
667 1512 3 1948 4 22 5
667 2424 4 4803 4 3782 5
667 1477 4 3071 5 2268 5
667 2124 4 3829 5 4630 5
667 234 3 1088 5 4801 5
667 2905 3 807 5 2164 5
667 1856 4 4286 5 3330 5
667 4316 4 4165 5 4054 5
667 876 4 2919 5 637 5
667 2580 3 697 5 4552 5
667 674 2 522 5 2234 5
667 1244 4 100 4 4842 5
667 1643 3 688 4 931 5
667 1060 4 854 4 668 5
667 1659 3 1904 4 4714 5
667 3631 4 3028 5 3023 5
667 1754 4 3376 4 436 5
667 374 2 4586 4 229 5
667 4959 4 3930 5 1787 5
667 4644 4 2813 5 1 5
667 2830 4 1086 5 277 5
667 4652 4 534 5 1544 5
667 4325 4 4901 5 780 5
667 3026 3 4163 4 2385 5
667 2199 4 4817 5 411 5
667 2189 2 724 4 3726 5
667 3413 4 1351 5 2120 5
667 2030 4 3122 5 3519 5
667 2752 4 4718 5 4265 5
667 1435 3 2291 5 4646 5
667 2288 4 3330 5 3620 5
667 4701 4 2810 4 4911 5
667 2679 4 4175 5 3621 5
667 3118 4 4904 5 3287 5
667 1327 4 3793 5 3142 5
667 4009 3 2144 4 1399 5
667 1396 4 4020 5 4923 5
667 3027 2 3747 5 2882 5
667 1777 4 327 4 3982 5
667 2853 4 976 5 2009 5
667 4340 4 3966 5 1523 5
667 1117 4 1516 5 4672 5
667 526 4 3710 4 4002 5
667 3684 4 4478 5 1937 5
667 3280 4 4439 4 2520 5
667 2907 2 4492 4 4314 4
667 3253 4 4974 5 4106 5
667 530 4 3991 5 2194 5
667 1656 4 2639 4 1443 5
667 4645 2 4811 3 3173 4
667 488 4 3489 4 4719 5
667 3108 4 775 5 2339 5
667 544 4 2869 4 78 5
667 1641 4 4959 4 3451 5
667 3996 2 2930 5 3051 5
667 3907 4 2031 5 1729 5
667 1181 3 1781 5 1241 5
667 1905 3 3548 4 2237 5
667 836 4 4541 4 3307 5
667 4344 3 1137 4 1145 5
667 2891 3 3840 4 4990 5
667 4113 4 348 5 4008 5
667 2820 4 217 5 3419 5
667 1754 4 3489 4 4483 5
667 3434 3 4242 4 4963 5
667 439 2 2251 4 1173 5
667 41 2 4997 4 1465 5
667 4668 2 4593 4 3860 5
667 4279 2 711 5 1171 5
667 2600 4 3592 5 2643 5
667 3750 1 4999 5 1470 5
667 2119 2 3848 4 1747 5
667 4393 4 4293 4 141 5
667 526 4 356 4 2325 5
667 3235 3 3792 5 1471 5
667 547 4 1166 4 920 5
667 2603 3 3728 5 892 5
667 1090 4 4832 5 3656 5
667 3561 4 2734 5 546 5
667 3027 2 4140 3 2314 4
667 1867 3 711 5 2844 5
667 4944 4 1715 5 3362 5
667 2382 4 288 5 124 5
667 4437 4 4962 5 4094 5
667 3118 3 591 5 2144 5
667 2945 4 630 4 2681 5
667 4783 4 2772 4 17 5
667 1827 4 1054 5 2027 5
667 1905 1 13 4 4825 5
667 4140 3 4910 4 58 5
667 922 3 3129 5 67 5
667 1674 3 3997 4 1604 5
667 4461 4 504 5 4695 5
667 2390 3 4805 4 4692 5
667 4086 3 2064 4 4151 5
667 3514 3 2898 5 1388 5
667 3956 2 4140 3 188 4
667 2289 3 3559 5 1314 5
667 2716 3 1224 4 2026 5
667 4330 3 2919 4 3990 5
667 4942 4 3167 5 720 5
667 3483 3 2909 5 525 5
667 1316 3 4759 4 1942 5
667 1752 4 4413 4 4149 5
667 2032 3 969 4 831 5
667 2235 4 2432 5 1918 5
667 3081 4 4201 5 1368 5
667 4108 3 3881 4 2027 5
667 2365 3 2719 4 2604 5
667 3824 3 3263 4 2247 5
667 4084 3 2188 4 3178 5
667 3956 2 2723 4 2860 5
667 4701 3 147 4 2918 5
667 653 4 2201 4 4054 5
667 2603 3 3991 4 40 5
667 3580 4 923 5 2279 5
667 4682 4 805 5 3347 5
667 2603 3 4961 5 4306 5
667 3072 3 4160 4 3584 5
667 209 4 1031 4 1314 5
667 1561 3 3767 5 2387 5
667 2203 2 2028 5 1849 5
667 3935 3 2097 4 2453 5
667 1813 2 2893 4 1485 5
667 2203 2 1055 3 1148 5
667 2382 4 893 5 840 5
667 2892 2 2819 4 3777 5
667 1335 4 3393 5 693 5
667 4131 3 637 5 3920 5
667 1007 3 3488 5 2404 5
667 2803 4 2733 5 3778 5
667 698 3 1032 4 4145 5
667 4686 3 258 4 2589 5
667 4280 3 686 4 2053 5
667 2204 3 2875 4 2819 4
667 1725 4 1087 4 4969 5
667 1754 4 3923 4 456 5
667 1813 3 2575 4 3866 5
667 3771 3 2413 4 2941 5
667 1219 4 1502 5 1305 5
667 1848 4 4201 5 2180 5
667 532 4 3227 5 353 5
667 1052 3 1503 4 4757 5
667 977 2 2584 4 2890 5
667 295 4 1700 5 3525 5
667 2016 4 4474 4 3306 5
667 4530 4 700 5 749 5
667 2327 4 1837 5 1626 5
667 2319 3 2228 5 4975 5
667 4944 4 3538 5 2841 5
667 3086 4 4259 5 453 5
667 986 4 2256 5 299 5
667 2815 2 3434 4 4549 5
667 3548 4 2533 5 4466 5
667 3334 3 3080 5 518 5
667 1877 4 3186 5 3826 5
667 2235 4 1435 4 3677 5
667 1533 2 1087 4 353 5
667 4081 3 3114 4 952 5
667 2676 3 890 4 4674 5
667 3201 3 742 4 2846 5
667 3790 3 2712 4 2273 5
667 2426 3 1794 4 1601 5
667 1725 3 4742 4 2384 5
667 2745 3 2591 4 433 5
667 3698 4 2756 5 3178 5
667 4510 2 1641 4 3693 5
667 3336 2 1827 3 2520 5
667 2639 3 1919 5 3079 5
667 2162 4 3 5 1759 5
667 536 1 153 4 2384 5
667 4349 1 4627 4 718 5
667 4967 3 3122 4 2589 5
667 3904 3 4867 4 2571 5
667 1031 3 1397 4 1029 5
667 4739 1 3856 4 1603 5
667 4138 1 4617 5 2313 5
667 273 4 2207 4 1910 5
667 4062 4 2688 5 2312 5
667 1343 1 963 4 2935 5
667 3386 1 3162 4 1656 5
667 3043 3 1579 4 227 5
667 2692 4 2107 5 1151 5
667 4395 1 4185 4 3410 5
667 2113 3 1185 4 1315 5
667 1931 3 3089 4 2403 5
667 2762 3 1353 5 514 5
667 3235 2 4276 4 3688 5
667 2244 3 2086 4 1013 5
667 4131 3 3878 4 3842 5
667 3118 1 2470 4 3941 5
667 1278 3 2595 4 3337 5
667 4408 3 739 4 4469 5
667 1005 2 2683 4 3422 5
667 4470 3 3504 4 3345 5
667 3150 4 1653 5 3410 5
667 4682 1 432 5 4055 5
667 1727 4 443 5 1071 5
667 3947 4 3780 5 362 5
667 3059 3 1603 5 1729 5
667 694 1 710 5 3029 5
667 1152 4 2130 5 1651 5
667 2380 3 2104 4 4616 5
667 2920 3 4334 4 2602 5
667 3804 3 3639 4 4636 5
667 3069 3 3647 4 2843 5
667 3625 2 4798 4 1367 5
667 1316 3 3210 4 3189 5
667 1905 2 257 4 1113 5
667 1272 3 2565 4 3618 5
667 4093 4 1714 5 3003 5
667 4462 4 1473 4 3545 5
667 1834 1 2105 4 3582 5
667 4009 3 1730 5 735 5
667 1164 3 1875 4 83 5
667 3447 1 418 4 1544 5
667 4253 4 4548 5 4717 5
667 3434 1 4168 2 2253 5
667 1282 4 3673 5 2665 5
667 2258 3 4227 4 3257 5
667 33 3 521 4 149 5
667 2426 3 1799 4 2881 5
667 167 2 471 4 3692 5
667 100 3 3204 4 4643 5
667 49 3 4619 4 4969 5
667 2808 2 2152 4 4614 5
667 3482 3 14 4 3497 5
667 2162 3 2556 4 4191 5
667 3082 3 4835 4 4387 5
667 1975 2 3188 4 2628 5
667 2584 3 4234 4 4132 5
667 3420 3 995 4 4725 5
667 1876 4 1446 4 3641 5
667 3515 2 3935 4 32 5
667 2551 2 1995 3 180 4
667 3999 4 3892 4 1373 5
667 465 3 4971 4 703 5
667 3624 1 2539 4 159 5
667 4822 3 1154 4 3722 5
667 135 3 2361 4 3397 5
667 1947 4 4771 5 2723 5
667 2580 1 1077 4 1453 5
