1673 83 2 1999 2 2115 3
1673 2913 2 2115 3 3069 4
1673 3709 3 2115 3 3069 4
1673 67 2 4692 2 1796 4
1673 4046 2 4890 3 516 3
1673 1640 2 3373 2 1565 3
1673 4890 3 36 3 3069 4
1673 83 2 1999 3 133 4
1673 2352 3 3069 4 2580 5
1673 83 2 4046 2 1036 5
1673 83 2 4789 3 2115 3
1673 3078 2 4178 3 4389 5
1673 67 2 83 2 4789 3
1673 4474 3 4485 3 3344 4
1673 1565 2 36 3 4051 4
1673 1965 2 4477 3 1883 4
1673 1108 2 366 2 3034 4
1673 3945 3 4286 4 3508 5
1673 2153 2 4881 2 318 4
1673 325 4 948 5 2838 5
1673 1199 3 2262 4 2580 5
1673 4394 3 1793 4 2248 4
1673 1538 2 28 2 2400 4
1673 4700 2 4004 3 2608 4
1673 515 2 2183 4 709 5
1673 4850 2 933 3 3250 4
1673 3990 2 3373 3 409 5
1673 4206 4 1536 4 4447 5
1673 1959 3 2870 3 222 4
1673 1937 2 764 3 2824 4
1673 4967 2 622 2 3473 3
1673 1874 3 474 4 2756 4
1673 2845 2 4944 2 3132 4
1673 3709 2 2605 2 4789 3
1673 3986 2 1840 4 1904 4
1673 1283 2 2967 3 3062 4
1673 1054 2 3940 4 3530 5
1673 4911 3 3231 3 2133 4
1673 464 2 401 3 237 4
1673 1177 2 4181 3 436 5
1673 1141 2 3685 4 639 4
1673 4977 3 1032 4 523 5
1673 1443 4 1711 5 3410 5
1673 4850 2 499 3 266 3
1673 2485 3 1491 4 3819 4
1673 819 2 4304 2 2834 3
1673 1384 3 3441 3 2173 5
1673 4014 2 3833 2 962 3
1673 3045 3 2678 4 32 5
1673 3820 2 4816 3 4008 4
1673 964 3 1257 5 922 5
1673 1330 3 2865 4 3649 4
1673 1388 2 1903 3 1077 4
1673 2080 2 3564 3 3009 4
1673 2046 3 3730 3 478 5
1673 2605 2 4051 3 2122 5
1673 1306 3 4792 4 843 5
1673 1603 3 4122 5 3072 5
1673 1887 1 4365 4 191 5
1673 3620 2 1376 3 3586 5
1673 2523 2 1796 2 2297 5
1673 2448 2 1846 5 3923 5
1673 789 3 570 3 3558 3
1673 3464 5 4752 5 813 5
1673 856 3 2545 3 1868 4
1673 554 3 236 4 694 5
1673 2426 3 616 5 221 5
1673 4939 2 582 3 3793 4
1673 4639 2 2201 3 2186 4
1673 4474 3 4786 3 4570 4
1673 2709 3 3714 5 1842 5
1673 2286 3 1847 4 3716 4
1673 3299 2 4919 3 6 3
1673 2720 2 1578 3 4876 5
1673 2991 3 3056 3 3394 5
1673 3335 3 4157 4 3356 5
1673 1050 4 3417 5 4983 5
1673 275 2 1383 2 4716 3
1673 860 3 4654 3 890 5
1673 498 3 3930 3 165 4
1673 128 3 4436 3 4560 3
1673 2977 3 854 4 146 4
1673 1687 3 2290 4 4325 5
1673 3057 2 312 3 2940 4
1673 1966 3 3934 4 1055 5
1673 3778 1 4809 2 3203 5
1673 3990 2 321 3 3481 5
1673 753 2 1540 2 1021 4
1673 2607 3 455 4 2094 5
1673 898 3 276 4 4364 5
1673 3182 2 155 5 4238 5
1673 673 2 2883 3 1795 3
1673 561 2 435 3 3501 3
1673 4448 1 2992 5 4100 5
1673 4948 2 3854 4 1906 4
1673 3145 2 3635 2 3191 3
1673 4899 1 1462 2 4260 2
1673 1133 3 1671 4 2269 5
1673 582 2 1626 3 2241 4
1673 377 4 1259 5 3631 5
1673 4536 3 3095 5 2810 5
1673 3490 2 3918 4 2934 5
1673 1910 4 2660 4 2088 5
1673 3823 3 3559 4 1647 5
1673 3388 4 4813 5 2782 5
1673 4195 3 135 4 1062 5
1673 2746 3 2241 4 4002 4
1673 310 3 4186 4 1389 5
1673 387 3 3402 4 385 5
1673 2083 3 601 4 1687 4
1673 181 2 109 3 303 5
1673 239 2 1082 4 653 5
1673 3540 1 3377 2 3357 3
1673 2165 3 4835 4 2115 5
1673 869 3 4698 4 1130 5
1673 2840 3 4228 4 4286 5
1673 1529 3 4135 5 706 5
1673 2715 3 3878 4 447 5
1673 432 4 2759 5 250 5
1673 872 2 3828 3 4932 4
1673 1458 3 4332 4 3706 5
1673 4121 2 1265 3 1709 4
1673 753 2 4586 3 1689 5
1673 3509 3 4915 4 3341 5
1673 4321 3 4995 3 3157 4
1673 114 3 249 4 2501 5
1673 1030 1 777 4 4576 4
1673 3888 3 3899 4 616 5
1673 2846 3 480 4 2612 5
1673 4659 3 3843 5 4488 5
1673 4549 3 4070 4 991 4
1673 576 3 1796 4 813 5
1673 4241 2 3154 3 3175 5
1673 4552 2 4193 3 4174 4
1673 647 2 1120 3 1172 4
1673 364 3 829 4 3911 5
1673 3291 2 573 4 1721 5
1673 1448 3 458 3 1275 4
1673 4356 4 1558 4 2240 5
1673 372 4 4753 5 1406 5
1673 3866 2 4121 2 2832 4
1673 2321 2 4038 4 1908 4
1673 3257 2 1190 3 1129 4
1673 4653 3 3388 4 4567 5
1673 3905 4 1870 4 3739 5
1673 1911 1 3374 4 3790 5
1673 773 3 3436 4 62 5
1673 2181 2 1851 3 1852 5
1673 1780 2 4854 3 1323 5
1673 315 3 1111 4 1650 5
1673 280 2 4878 4 834 5
1673 2500 3 4049 3 2580 5
1673 3243 2 3984 3 3848 5
1673 4196 3 4434 4 967 5
1673 3107 2 1806 4 4820 5
1673 4592 3 1296 4 4511 5
1673 2951 3 2002 4 4010 5
1673 2669 3 2123 4 2552 4
1673 4702 2 4472 4 3211 4
1673 1514 3 1671 4 1486 4
1673 4586 3 63 4 4213 5
1673 2102 2 2015 4 1443 5
1673 158 2 3888 3 2101 4
1673 4043 2 2476 4 3899 4
1673 2500 2 867 2 1760 5
1673 4868 2 1997 3 2355 4
1673 4404 4 4209 4 1831 5
1673 1120 3 649 4 2417 4
1673 4232 3 4630 3 2042 4
1673 1193 2 2159 2 3740 3
1673 1359 3 108 4 2959 5
1673 4520 1 112 2 1685 3
1673 597 2 4245 3 2282 5
1673 2675 3 3938 5 3253 5
1673 609 3 2689 4 142 5
1673 1789 3 15 5 779 5
1673 590 2 2642 3 2502 3
1673 4230 1 4379 4 4149 4
1673 2494 3 1868 3 2559 5
1673 4212 3 4805 4 690 4
1673 3011 1 2067 3 3234 5
1673 3505 3 1218 4 2827 5
1673 3233 3 2557 4 2934 5
1673 3828 1 872 3 2367 4
1673 3037 5 4647 5 521 5
1673 1076 3 4079 3 2768 5
1673 314 3 168 4 2897 5
1673 1099 3 3258 4 1059 4
1673 2434 4 4131 5 191 5
1673 3237 3 2788 3 2418 5
1673 3574 1 3931 3 407 5
1673 126 1 3078 2 414 2
1673 4443 1 1504 4 2333 4
1673 4239 2 2861 2 4372 3
1673 1129 3 3561 4 3672 4
1673 582 2 4695 3 4997 5
1673 3377 2 3996 5 1226 5
1673 3748 2 1460 3 412 3
1673 23 3 29 4 2382 5
1673 2711 3 3128 5 3255 5
1673 4762 3 154 4 4760 5
1673 4420 2 4305 3 2963 4
1673 4467 4 2395 5 2942 5
1673 457 2 574 4 1205 5
1673 3559 4 1000 4 2771 5
1673 4811 3 2147 4 470 4
1673 651 1 4174 3 1143 5
1673 2521 2 3430 4 604 4
1673 2393 2 1405 3 1241 5
1673 1211 1 2460 2 3634 3
1673 498 3 4817 4 2114 5
1673 101 3 2831 3 219 4
1673 1977 5 72 5 1794 5
1673 291 3 3455 4 1580 4
1673 376 1 1309 3 161 5
1673 1796 3 2605 3 3069 5
1673 2880 3 133 4 2122 5
1673 1468 4 4663 4 1142 5
1673 3286 1 2506 3 3406 4
1673 3259 3 1975 4 550 5
1673 431 1 2530 3 4051 3
1673 3225 3 4518 3 453 5
1673 995 3 1532 4 3375 4
1673 765 2 501 4 4417 5
1673 4964 2 2152 4 3921 4
1673 1454 3 4926 4 4434 5
1673 1564 2 518 4 3499 5
1673 4020 3 909 4 4761 5
1673 2589 2 1268 2 965 5
1673 3213 1 3618 2 1555 4
1673 3199 2 3346 3 4808 3
1673 4527 2 902 2 4790 5
1673 1782 2 993 3 1001 5
1673 2566 4 912 4 789 5
1673 4420 2 2323 3 2163 4
1673 4504 2 1361 3 2238 4
1673 69 1 3072 5 1372 5
1673 4448 2 3871 3 2174 4
1673 4943 2 837 4 1654 4
1673 4457 2 97 3 937 4
1673 401 2 3616 5 44 5
1673 4860 3 4402 3 1982 4
1673 2746 2 4043 3 3176 4
1673 3382 1 2448 4 1786 5
1673 1286 4 3577 5 4530 5
1673 1534 2 1050 4 4164 5
1673 2013 2 510 4 3930 4
1673 20 3 4776 4 2119 5
1673 1189 1 1944 4 4160 5
1673 462 2 3272 3 3228 5
1673 2998 2 3492 3 476 5
1673 1115 4 4644 5 2907 5
1673 4214 3 4105 4 3276 5
1673 3055 1 3632 5 804 5
1673 2444 2 3633 5 2030 5
1673 247 3 1452 4 2167 5
1673 4104 3 2550 4 2465 5
1673 2487 3 3014 4 3425 5
1673 1862 1 2235 4 3405 5
1673 3544 2 2682 4 858 5
1673 4154 4 2028 5 2767 5
1673 2460 3 2410 4 3690 5
1673 2003 1 4603 4 4910 5
1673 4514 2 1087 4 319 5
1673 3869 3 1978 5 1064 5
1673 4124 1 2921 2 372 4
1673 787 4 2207 5 1635 5
1673 2330 1 3297 4 2963 5
1673 518 4 1664 5 1515 5
1673 1895 4 837 5 641 5
1673 4767 2 1738 4 4682 5
1673 819 3 2197 4 4544 5
1673 1140 3 2403 4 3835 5
1673 2709 3 4477 4 1890 5
1673 4143 4 452 4 3325 5
1673 2822 1 4923 2 258 4
1673 1553 3 4963 4 2381 5
1673 808 3 1454 4 102 5
1673 812 3 2470 4 997 5
1673 4089 1 966 3 1963 5
1673 2983 2 4104 3 1818 5
1673 2298 2 3381 4 1269 5
1673 83 1 2071 4 1813 5
1673 3271 1 1352 3 177 5
1673 163 3 1705 4 2380 5
1673 3828 1 644 3 672 5
1673 2422 2 3563 4 1130 5
1673 524 1 2849 4 4144 5
1673 3615 3 1364 4 4715 5
1673 1849 2 3560 4 2603 5
1673 1177 1 3747 4 1036 5
1673 4350 2 3659 4 4118 5
1673 3585 2 2435 4 593 5
1673 3960 1 1415 4 3669 5
1673 1867 3 1340 4 1427 5
1673 1858 2 4774 4 319 5
1673 4263 2 4257 4 3658 5
1673 90 2 568 4 4807 5
1673 1211 1 1566 4 2810 5
1673 377 2 909 3 977 5
1673 1096 2 855 3 1726 4
1673 4203 1 4431 4 450 5
1673 3032 3 1514 4 3689 5
1673 1780 2 314 4 550 5
1673 3742 2 211 4 760 5
1673 4748 1 2472 3 516 5
1673 2142 2 2988 4 4095 5
1673 2913 1 2631 5 1819 5
1673 4166 3 3677 4 2491 5
1673 158 2 4835 4 155 5
1673 1163 1 4928 2 1609 5
1673 1964 1 4923 2 2714 5
1673 4882 2 4356 4 1443 5
1673 2969 1 164 4 1954 5
1673 652 2 1848 4 1244 5
1673 490 2 2210 3 3715 5
1673 2630 1 3197 3 3969 5
1673 2972 1 4883 2 3263 5
1673 4499 1 1625 4 3556 5
1673 611 3 405 4 2169 5
1673 4198 2 2692 4 3824 5
1673 2594 2 4348 3 2006 5
1673 748 1 3748 2 1312 5
1673 3523 3 4541 4 3153 5
1673 4111 2 559 4 4165 5
1673 4456 1 4727 5 4418 5
1673 4680 1 2793 3 4410 5
1673 4507 1 1046 2 1547 5
1673 4028 1 4991 4 4523 5
1673 4151 2 2565 4 3392 5
1673 1924 2 4281 4 1474 5
1673 2298 3 1051 4 4128 5
1673 3800 2 2466 4 209 5
1673 4335 1 824 4 3912 5
1673 187 2 4735 4 2572 5
1673 952 1 2515 4 778 5
