2352 4153 2 4695 4 1021 5
2352 3992 1 2984 2 3089 4
2352 3646 3 1257 4 4118 5
2352 1473 1 1655 4 747 5
2352 4080 1 2978 4 3656 5
2352 4540 1 3624 2 2301 5
2352 1633 1 2868 4 3508 5
2352 2993 1 1193 4 2081 5
2352 3388 1 1370 3 4238 5
2352 387 2 761 4 3274 5
2352 3151 3 4057 4 4349 5
2352 3212 2 2705 3 2345 5
2352 1432 1 970 4 152 5
2352 22 1 405 2 3183 4
2352 3758 1 299 2 4391 4
2352 1373 2 3615 4 1731 5
2352 4900 3 2027 4 688 5
2352 798 2 4406 4 1274 5
2352 4080 1 128 4 370 5
2352 2706 1 2536 4 2483 5
2352 4721 3 4466 4 3245 5
2352 84 3 2090 4 915 5
2352 2940 2 1043 3 161 5
2352 1225 4 3010 5 1436 5
2352 1736 3 71 4 2792 5
2352 587 1 3368 4 4661 5
2352 4183 1 1198 4 2911 5
2352 3574 3 333 4 2869 5
2352 2179 2 807 4 2524 5
2352 2865 3 3357 4 278 5
2352 3242 2 3328 4 1705 5
2352 3043 1 903 3 3525 5
2352 3785 2 1022 4 450 5
2352 219 2 3927 4 3576 5
2352 1878 1 3663 4 15 5
2352 603 3 4649 4 2489 5
2352 1795 1 1862 4 2265 5
2352 299 1 368 2 1488 4
2352 4909 1 1641 3 2381 5
2352 2063 1 4881 2 2888 5
2352 3822 3 3116 4 4637 5
2352 581 2 3920 4 2289 5
2352 1917 1 4535 4 2277 5
2352 3851 3 2789 4 2939 5
2352 1995 1 1214 4 3059 5
2352 3462 1 3035 2 427 5
2352 524 3 3313 4 2570 5
2352 2864 1 936 4 1275 5
2352 510 2 993 3 4827 5
2352 3905 2 4397 4 4017 5
2352 865 3 3174 4 4746 5
2352 510 2 700 2 4896 5
2352 3653 2 176 3 1915 5
2352 2671 2 697 4 2801 5
2352 3742 3 2554 4 1457 5
2352 154 1 1902 4 4891 5
2352 815 4 2981 4 2637 5
2352 3618 1 4946 4 2314 5
2352 3077 1 4319 2 3496 5
2352 4824 3 3185 4 468 5
2352 2435 1 379 2 1958 4
2352 4115 2 2577 4 4641 5
2352 551 3 206 4 147 5
2352 408 2 1614 4 876 5
2352 2270 2 3900 4 42 5
2352 1191 2 3526 3 4332 5
2352 2984 2 3197 4 7 5
2352 626 2 402 3 1820 4
2352 1966 2 4019 4 3097 5
2352 3990 2 2527 4 471 5
2352 3678 3 3365 4 2653 5
2352 2963 3 1080 4 4997 5
2352 4237 1 3172 1 2765 4
2352 2859 2 4040 4 743 5
2352 4347 1 916 4 2035 5
2352 3246 2 414 3 1132 5
2352 2146 1 2505 4 2787 5
2352 1996 4 836 5 2772 5
2352 4062 1 69 4 2797 5
2352 509 1 4802 2 4336 5
2352 913 2 1849 3 895 4
2352 3161 1 2253 3 3325 5
2352 3019 1 4863 1 1524 2
2352 956 2 1444 4 943 5
2352 893 1 4679 4 1064 5
2352 4529 1 3411 2 747 5
2352 1726 1 741 2 1881 5
2352 4339 1 4451 1 3574 3
2352 1968 3 783 4 1493 5
2352 2708 2 3024 4 3508 5
2352 1452 1 2078 2 3197 3
2352 1970 1 1538 4 3112 5
2352 2295 1 1120 4 438 5
2352 1625 1 1801 4 3924 5
2352 1628 2 2283 4 511 5
2352 2685 3 3952 4 4252 5
2352 1446 1 2552 4 2451 5
2352 2654 2 336 4 272 5
2352 1804 2 1867 4 4321 5
2352 1665 3 232 4 2513 5
2352 3096 2 3603 4 1636 5
2352 2023 1 3767 2 3488 5
2352 2064 2 4802 3 1634 4
2352 3918 2 2977 3 589 5
2352 1084 1 498 2 2464 5
2352 1254 2 4790 4 3702 5
2352 3624 2 262 4 2899 5
2352 2705 3 4516 4 1089 5
2352 4901 1 2709 4 2212 5
2352 4809 2 2151 4 1579 5
2352 1290 2 2611 4 2787 5
2352 4390 1 4045 4 3420 5
2352 2780 2 4526 4 982 5
2352 2595 2 1762 3 2190 4
2352 424 1 4396 4 1825 5
2352 4062 1 4409 3 4680 4
2352 1679 1 4957 3 1572 5
2352 1333 2 9 4 448 5
2352 1814 1 4810 3 1017 4
2352 4669 2 4603 4 4126 5
2352 365 2 4660 4 2135 5
2352 4220 2 1212 4 81 5
2352 1306 3 3211 4 4279 5
2352 2360 2 946 3 2183 5
2352 2490 2 622 4 2821 5
2352 2250 3 4777 4 4168 5
2352 1189 3 3851 4 3445 5
2352 882 1 762 2 3847 5
2352 3277 2 3800 3 369 5
2352 2230 2 1161 4 1832 5
2352 1744 1 2959 4 608 5
2352 4035 3 793 4 3700 5
2352 1630 2 3944 4 2519 5
2352 4464 1 3685 4 2612 5
2352 2066 3 3431 4 3698 5
2352 3760 2 2697 4 3971 5
2352 1223 2 2715 4 190 5
2352 2316 2 4885 3 2855 4
2352 510 2 4374 3 4993 5
2352 4923 2 1896 3 4837 5
2352 3587 1 178 4 890 5
2352 1082 1 2019 4 3696 5
2352 3688 1 1862 2 2447 4
2352 2013 3 77 4 4906 5
2352 1709 1 4930 2 4289 3
2352 3165 2 4376 3 534 4
2352 4730 2 4196 4 1256 5
2352 2387 1 2757 4 4796 5
2352 3838 3 980 4 1664 5
2352 3298 1 3469 4 3812 5
2352 2641 1 3566 4 2564 5
2352 4695 3 333 4 15 5
2352 3542 1 192 3 1767 4
2352 770 2 2874 3 1609 5
2352 216 3 1684 4 4122 5
2352 4497 3 519 4 4006 5
2352 1699 1 309 4 4213 5
2352 1345 3 1612 4 3689 5
2352 1377 3 3250 4 329 5
2352 903 3 122 4 733 5
2352 777 3 4092 4 672 5
2352 1173 2 1262 4 4297 5
2352 4322 3 2960 4 3168 5
2352 4967 3 2644 4 2380 5
2352 4923 2 37 4 2319 5
2352 4712 2 2188 4 4936 5
2352 3313 3 1658 4 975 5
2352 4091 1 3164 3 2195 4
2352 992 1 4070 2 1106 5
2352 4183 1 4382 4 727 5
2352 3647 1 4947 2 1711 5
2352 1464 2 325 4 2436 5
2352 414 2 1969 3 1506 4
2352 4014 2 3499 4 2807 5
2352 4536 2 4182 3 3560 4
2352 1054 2 534 4 1103 5
2352 3779 1 821 4 4146 5
2352 4223 2 2757 4 116 5
2352 4254 2 4157 4 2492 5
2352 3331 1 77 4 2504 5
2352 903 3 1870 4 2193 5
2352 83 3 3173 4 1873 5
2352 1761 1 4101 4 3175 5
2352 2421 1 942 3 1372 5
2352 4429 3 4606 4 178 5
2352 1144 3 4231 4 3489 5
2352 4287 1 1385 3 4166 4
2352 392 3 1601 4 4284 5
2352 2979 2 4854 3 101 5
2352 700 2 4497 3 3216 4
2352 1326 2 2415 4 1988 5
2352 4769 2 1996 3 1498 5
2352 3271 2 4192 3 4360 5
2352 2868 2 24 4 4085 5
2352 1168 2 4804 4 897 5
2352 4515 1 430 3 4479 5
2352 2780 1 4218 4 529 5
2352 1223 1 1804 3 3969 5
2352 2071 2 3671 3 3050 5
2352 3710 2 183 4 2581 5
2352 1299 2 645 4 345 5
2352 3304 2 3629 3 1052 5
2352 1587 1 4923 2 4987 5
2352 3897 3 1297 4 4912 5
2352 2651 2 2528 3 2150 4
2352 1117 2 1093 4 3375 5
2352 1194 1 2465 4 4789 5
2352 3517 2 518 4 2369 5
2352 4930 1 3214 4 1036 5
2352 527 2 723 4 598 5
2352 654 1 2217 4 3247 5
2352 1384 2 601 4 804 5
2352 4871 2 3463 4 818 5
2352 1533 3 2180 4 4031 5
2352 1524 2 185 4 3586 5
2352 2727 2 2963 4 1512 5
2352 4774 1 4386 3 3473 4
2352 612 3 1400 4 2768 5
2352 1744 2 4300 3 868 5
2352 2293 2 1810 4 3186 5
2352 856 2 3051 4 4509 5
2352 1622 2 3249 4 1639 5
2352 4425 2 2876 4 4127 5
2352 2295 1 1023 2 2931 3
2352 4563 3 4820 4 4686 5
2352 134 1 3508 4 4379 5
2352 913 1 4124 2 1425 4
2352 4134 3 2897 4 4138 5
2352 3629 3 1302 4 4461 5
2352 4451 1 1415 3 4782 4
2352 3752 3 358 4 4449 5
2352 187 2 4702 4 2842 5
2352 845 1 2090 4 779 5
2352 1902 3 2367 4 62 5
2352 401 2 2224 4 834 5
2352 1986 1 4433 4 3500 5
2352 25 2 4158 3 3839 4
2352 2227 2 4423 3 4194 5
2352 4287 2 2931 4 1841 5
2352 996 1 524 2 2381 5
2352 3229 1 597 4 1253 5
2352 4799 3 1242 4 2596 5
2352 832 1 3659 4 4790 5
2352 4273 2 2359 4 4015 5
2352 1290 2 2484 4 2952 5
2352 3908 1 513 2 4898 5
2352 2879 2 4851 3 2910 5
2352 219 1 298 2 3506 4
2352 368 2 2104 4 1453 5
2352 4375 2 2313 3 1594 5
2352 3999 2 2330 4 41 5
2352 2722 2 679 4 1494 5
2352 3296 2 4586 3 4284 5
2352 1331 1 1907 4 4647 5
2352 3195 1 2620 2 4488 5
2352 4540 1 552 3 3168 5
2352 1878 1 2697 4 3208 5
2352 3111 2 1187 4 2094 5
2352 3989 2 2589 4 152 5
2352 4390 2 1281 4 3455 5
2352 2180 3 4301 4 1219 5
2352 4700 2 4115 3 3102 4
2352 3370 1 3250 4 1270 5
2352 2515 2 3671 3 1635 5
2352 4223 2 2688 3 3162 5
2352 4318 2 3533 4 858 5
2352 4046 1 2476 3 4655 5
2352 2172 3 3283 4 2886 5
2352 3467 3 2670 4 3771 5
2352 2037 3 2998 4 1186 5
2352 2816 2 3833 4 2619 5
2352 1208 2 1305 4 1688 5
2352 3800 3 317 4 4382 5
2352 4719 3 4860 4 3201 5
2352 1374 2 3926 4 2381 5
2352 4775 1 1370 2 1661 5
2352 3370 1 3729 4 876 5
2352 649 1 4663 2 3635 4
2352 340 2 483 3 4406 5
2352 2379 1 1622 2 1485 3
2352 1544 2 2416 3 1516 4
2352 719 2 3363 4 1846 5
2352 3340 2 248 4 1022 5
2352 831 4 3409 5 1505 5
2352 513 3 4935 4 4268 5
2352 1799 2 2213 3 1830 5
2352 4451 1 328 4 2797 5
2352 4384 3 1944 4 494 5
2352 3580 1 4375 2 4756 3
2352 1116 3 2520 4 4711 5
2352 1258 2 2604 4 698 5
2352 486 3 938 4 2365 5
2352 4512 1 2074 2 2310 4
2352 1871 2 417 4 4995 5
2352 1558 1 216 2 1549 5
2352 3094 1 1634 3 1870 5
2352 3033 2 3291 4 3274 5
2352 4563 3 3250 4 4503 5
2352 3081 3 3521 4 2030 5
2352 4943 3 2220 4 3319 5
2352 3190 1 35 2 3639 5
2352 3181 2 3269 4 1209 5
2352 1383 3 1705 4 4970 5
2352 203 3 1671 4 2318 5
2352 363 1 2335 3 2095 5
2352 2624 2 1379 4 1654 5
2352 4069 3 4194 4 4812 5
2352 3088 1 1628 4 1944 5
2352 1717 2 4953 3 3593 5
2352 4514 2 1399 4 3680 5
2352 4469 1 2143 2 3073 4
2352 475 2 3343 3 3092 5
2352 1686 2 1591 3 2189 5
2352 91 1 4872 3 1645 5
2352 2918 1 1687 2 1324 5
2352 3148 1 1907 4 4005 5
2352 3559 3 1820 4 4980 5
2352 4097 1 4039 4 1090 5
2352 4097 1 63 4 351 5
2352 4203 3 2600 4 2549 5
2352 719 2 50 4 1941 5
2352 563 3 718 4 2789 5
2352 442 1 3271 2 3993 5
2352 4143 3 2153 4 3911 5
2352 305 1 4536 2 2528 4
2352 2562 2 4139 4 3969 5
2352 3989 2 1610 3 3501 5
2352 2969 1 2728 1 373 5
2352 2238 2 4239 4 2442 5
2352 4469 2 2419 3 1770 5
2352 4966 1 3679 3 1062 5
2352 1829 3 2823 4 1931 5
2352 1013 2 3910 4 4037 5
2352 3451 2 805 3 4364 5
