1006 4975 3 4635 4 2148 5
1006 2694 4 4070 4 4671 5
1006 1976 3 2826 4 2147 5
1006 143 3 1615 5 2687 5
1006 573 3 4035 4 2110 5
1006 4043 3 3178 4 2325 5
1006 1994 2 3853 4 1342 5
1006 4082 2 4433 3 4933 5
1006 11 1 4723 2 1623 5
1006 3306 3 926 4 432 5
1006 1248 2 1357 3 2541 5
1006 4969 2 1423 4 3875 5
1006 4074 3 23 4 3059 5
1006 4045 1 1441 4 3592 5
1006 2019 3 1194 4 4116 5
1006 1330 1 85 3 761 5
1006 4448 2 835 3 4793 5
1006 2739 1 3440 4 3211 5
1006 3216 2 4810 4 2619 5
1006 861 3 490 4 1967 5
1006 3454 2 4041 4 3835 5
1006 3400 1 3653 4 2112 5
1006 181 2 118 3 166 5
1006 3291 2 887 4 2854 5
1006 3833 2 4390 4 1447 5
1006 3813 3 469 4 775 5
1006 3300 3 1456 4 1647 5
1006 2352 4 18 5 4641 5
1006 2233 2 931 4 4267 5
1006 2027 3 1476 4 4210 5
1006 316 2 4893 4 2819 5
1006 758 2 277 3 547 5
1006 2793 2 3634 4 4761 5
1006 2008 2 920 3 4378 5
1006 2294 2 143 4 1077 5
1006 1898 2 1532 4 3797 5
1006 2102 1 2941 3 4351 5
1006 4840 2 183 3 4005 5
1006 1292 2 2909 3 4276 5
1006 1034 3 1961 4 324 5
1006 1801 2 4102 4 3811 5
1006 3012 3 3535 4 4362 5
1006 3795 3 3569 4 2040 5
1006 1368 2 321 3 2033 5
1006 4563 2 4132 4 1923 5
1006 2294 2 3289 4 3825 5
1006 4076 2 1776 3 4598 5
1006 3164 2 337 3 1251 5
1006 2520 1 4769 4 1609 5
1006 2970 2 253 4 2807 5
1006 4044 3 331 4 1627 5
1006 2377 2 3081 4 2070 5
1006 172 1 3463 2 2104 5
1006 1801 2 4226 3 1699 5
1006 4847 3 2270 4 3318 5
1006 3330 3 974 4 2640 5
1006 4799 3 3621 4 3327 5
1006 925 1 3389 2 3309 5
1006 863 2 3200 4 3803 5
1006 4580 2 1690 3 787 4
1006 2353 2 281 3 3586 5
1006 4261 1 4610 4 48 5
1006 204 3 3888 4 2290 5
1006 3687 1 1508 4 3429 5
1006 3109 2 964 4 3122 5
1006 4665 3 4069 4 1770 5
1006 73 3 2146 4 1380 5
1006 576 2 4463 3 4513 5
1006 3024 2 4075 4 4843 5
1006 1979 2 3659 4 3135 5
1006 27 3 290 5 2668 5
1006 360 1 2177 2 1311 4
1006 862 3 1811 4 1092 5
1006 1345 3 4254 4 4965 5
1006 2273 1 3452 2 522 5
1006 3176 2 3085 5 1001 5
1006 3744 4 299 5 2758 5
1006 2954 2 900 4 1991 5
1006 3448 1 2224 2 3677 5
1006 269 2 3345 3 1396 5
1006 3800 3 4987 4 4933 5
1006 1252 2 1789 4 4484 5
1006 1227 4 2848 4 2772 5
1006 4731 3 4829 4 3956 5
1006 433 1 1070 4 2575 5
1006 3903 3 2535 4 533 5
1006 3960 3 1214 4 3746 5
1006 2151 3 4835 4 2246 5
1006 4255 3 3830 4 2006 5
1006 1242 2 212 4 3719 5
1006 3600 2 2584 4 792 5
1006 312 3 1461 4 4291 5
1006 1433 2 1419 4 1404 5
1006 4432 1 3815 2 2157 5
1006 2396 2 356 4 1949 5
1006 2884 4 394 4 2753 5
1006 1277 3 1422 4 3163 5
1006 3932 2 3278 3 1914 4
1006 2277 3 3582 4 1150 5
1006 2068 2 2213 3 637 4
1006 386 1 4384 2 883 5
1006 4569 3 1391 4 4465 5
1006 1707 2 1441 4 1504 5
1006 2196 2 723 3 4372 5
1006 1140 2 2287 4 263 5
1006 3452 3 1050 4 2099 5
1006 3574 3 2590 5 4510 5
1006 1383 1 1536 4 3889 5
1006 1898 2 2410 3 4677 4
1006 2760 2 129 4 3926 5
1006 505 2 2103 3 331 4
1006 611 2 1333 4 1970 5
1006 4082 2 4744 4 1674 5
1006 2191 2 40 4 1488 5
1006 4527 1 2487 2 3750 5
1006 2153 1 2814 2 3190 4
1006 2217 2 4705 4 370 5
1006 4658 3 1811 4 784 5
1006 3360 2 4148 4 270 5
1006 220 1 4680 3 2508 5
1006 3903 2 850 4 1032 5
1006 599 2 1075 3 2492 5
1006 3278 3 1727 4 402 5
1006 3088 3 4400 5 3234 5
1006 1998 2 1002 4 2695 5
1006 3503 3 1158 5 4683 5
1006 1529 3 4297 4 2619 5
1006 3615 4 1713 5 4736 5
1006 3565 2 4387 5 2792 5
1006 3841 3 1022 4 4444 5
1006 4456 3 989 5 4042 5
1006 3744 3 3093 5 4600 5
1006 952 3 662 5 3325 5
1006 2715 3 2434 4 2290 5
1006 2860 4 115 5 1596 5
1006 1610 2 1309 3 4960 5
1006 296 3 2625 5 4906 5
1006 3052 2 4265 5 776 5
1006 20 2 1320 3 3124 5
1006 2210 2 1992 4 1494 5
1006 680 4 4060 5 3804 5
1006 4428 2 483 3 728 4
1006 3678 1 328 2 1427 5
1006 3615 3 2000 4 4017 5
1006 4714 2 2277 4 375 5
1006 4868 3 2049 4 3472 5
1006 1037 3 2372 4 410 5
1006 3284 1 2177 2 1260 5
1006 2276 1 1895 4 2328 5
1006 3574 2 3363 4 4545 5
1006 3218 3 4565 4 2030 5
1006 3291 1 3937 4 1220 5
1006 3743 2 1089 4 3977 5
1006 569 3 1214 4 3990 5
1006 1073 1 4255 3 1266 5
1006 1779 3 1408 4 4656 5
1006 914 3 1392 4 3669 5
1006 2383 1 4507 3 4407 5
1006 1137 3 1202 4 419 5
1006 903 3 1833 5 3499 5
1006 184 1 856 5 2534 5
1006 4589 2 994 4 1310 5
1006 566 3 133 5 4898 5
1006 2313 3 3080 4 4422 5
1006 1542 3 53 4 3060 5
1006 3815 2 656 3 1794 5
1006 4839 3 4773 4 814 5
1006 3066 2 406 3 967 5
1006 3830 2 569 3 3547 5
1006 4130 3 2277 4 1131 5
1006 2614 2 98 3 9 5
1006 2999 2 3247 5 2406 5
1006 1483 2 1381 4 4655 5
1006 310 3 3560 4 2281 5
1006 1956 3 4363 4 1062 5
1006 4591 1 2241 5 2016 5
1006 1540 2 2720 3 4287 5
1006 2690 2 4356 4 4929 5
1006 604 3 676 4 1886 5
1006 3360 2 97 4 1031 5
1006 3387 2 2932 4 2550 5
1006 4883 3 4709 4 230 5
1006 1550 3 1341 4 4873 5
1006 2323 1 4282 2 3592 5
1006 3284 2 1936 3 354 5
1006 1190 1 3143 5 2169 5
1006 3020 2 2385 4 4805 5
1006 1399 1 3613 4 4127 5
1006 2704 2 1462 3 2706 5
1006 247 3 4305 4 3481 5
1006 2219 1 2979 4 2892 5
1006 3350 1 4463 4 3766 5
1006 254 2 4707 4 1047 5
1006 4274 2 4620 3 39 4
1006 1004 3 4087 4 2251 5
1006 2818 3 2972 4 4869 5
1006 2294 2 1017 4 4873 5
1006 388 2 3796 4 636 5
1006 2678 3 2265 4 232 5
1006 218 2 4557 3 1477 5
1006 3808 2 4921 3 3899 4
1006 3427 3 3836 4 1915 5
1006 2773 2 283 3 2772 5
1006 2799 2 3830 3 402 4
1006 2009 3 2075 4 4768 5
1006 2913 3 1213 4 4976 5
1006 233 3 161 5 4983 5
1006 725 3 1051 4 2369 5
1006 1697 3 429 5 4668 5
1006 3105 2 2855 3 1559 5
1006 3743 2 2425 4 4747 5
1006 3259 3 2218 5 743 5
1006 1383 3 2131 4 4399 5
1006 2589 2 3505 5 4788 5
1006 622 3 3965 5 1365 5
1006 3020 2 1268 3 4763 5
1006 3852 2 2270 4 3274 5
1006 4549 3 909 4 3681 5
1006 3832 2 3952 3 671 4
1006 559 1 2224 2 1508 4
1006 1347 2 4650 4 23 5
1006 2846 1 4589 2 980 5
1006 1238 2 1742 4 4776 5
1006 3269 3 946 4 4359 5
1006 4381 2 2103 4 4592 5
1006 675 3 3757 4 4875 5
1006 1614 2 4539 4 3175 5
1006 3995 3 2075 4 3875 5
1006 4921 2 4393 5 2549 5
1006 2360 4 4474 5 4175 5
1006 3602 3 824 4 800 5
1006 2954 2 2065 4 391 5
1006 3099 3 219 4 2347 5
1006 69 3 3035 4 4967 5
1006 1578 2 4631 3 3990 5
1006 4507 3 1412 4 3715 5
1006 98 3 2901 4 350 5
1006 4899 3 4169 4 2380 5
1006 251 2 1895 4 3896 5
1006 1268 3 3760 4 2427 5
1006 4581 2 649 4 2911 5
1006 330 3 3588 4 4980 5
1006 2524 3 2542 4 2297 5
1006 861 3 4387 5 4369 5
1006 2027 3 1687 4 1816 5
1006 2615 3 1294 4 4416 5
1006 4452 3 4550 4 1527 5
1006 4712 3 2552 4 742 5
1006 891 1 1853 2 4760 5
1006 4504 2 4558 4 598 5
1006 2273 2 1367 3 288 5
1006 1534 3 3021 4 4252 5
1006 681 3 1229 4 3392 5
1006 53 3 1826 4 2094 5
1006 4329 3 3338 4 2679 5
1006 3646 2 3966 4 4675 5
1006 3982 3 2254 4 3633 5
1006 3490 2 2182 4 2556 5
1006 2675 3 2392 5 2187 5
1006 3562 2 2367 3 2795 5
1006 3486 1 1706 4 707 5
1006 1976 3 3292 4 3996 5
1006 3011 3 3542 4 4706 5
1006 2226 1 2106 4 1130 5
1006 3584 2 2818 3 2688 5
1006 2811 2 1346 4 4415 5
1006 4281 1 1246 2 334 5
1006 2588 2 2943 4 168 5
1006 2007 3 1306 4 2511 5
1006 3463 3 4202 4 3719 5
1006 4917 2 2967 4 1722 5
1006 3900 2 1435 4 1882 5
1006 584 2 1802 3 1806 5
1006 3950 2 2936 3 843 5
1006 1548 3 3825 4 2842 5
1006 1360 2 2924 3 295 5
1006 4184 3 676 4 301 5
1006 3343 2 2443 4 3462 5
1006 1242 2 1366 3 3132 5
1006 1631 2 4182 4 2279 5
1006 678 2 1942 4 324 5
1006 3886 3 2873 4 3692 5
1006 3105 2 3385 4 3817 5
1006 71 3 3281 4 64 5
1006 3437 1 2756 3 2437 5
1006 3288 2 1911 3 1374 5
1006 673 2 4574 4 1279 5
1006 748 3 2402 4 3746 5
1006 4646 2 185 3 4525 5
1006 3826 3 3786 4 1552 5
1006 3295 1 1972 4 1823 5
1006 1029 2 4637 4 3976 5
1006 689 3 1300 4 89 5
1006 1810 1 3245 3 542 5
1006 3459 3 1640 4 841 5
1006 3010 2 4717 3 948 5
1006 3295 1 2840 4 89 5
1006 1805 3 3293 4 4238 5
1006 2377 2 4209 4 7 5
1006 207 1 3237 2 2550 5
1006 3900 2 4782 4 1467 5
1006 4654 2 2538 4 4684 5
1006 4295 1 3289 3 3554 5
1006 2255 2 3041 4 4696 5
1006 3659 3 491 4 381 5
1006 114 3 4452 4 1267 5
1006 2259 1 2286 4 211 5
1006 4448 2 1962 4 3321 5
1006 3079 3 3148 4 2853 5
1006 1853 2 3574 3 4216 5
1006 4178 3 1871 4 2911 5
1006 2912 3 3536 4 501 5
1006 1292 1 3381 4 3632 5
1006 931 2 1928 4 2825 5
1006 513 3 2131 4 2190 5
1006 1984 3 1194 4 4965 5
1006 3448 1 313 2 4384 2
1006 3944 1 3500 3 3592 5
1006 3452 3 4970 5 1834 5
1006 3437 1 4855 3 4479 5
1006 1351 3 3380 4 3097 5
1006 388 2 3980 5 1737 5
1006 205 2 685 3 4319 4
1006 4327 3 1814 4 3273 5
1006 4221 3 3021 5 659 5
1006 4191 3 4284 5 4704 5
1006 1810 1 141 3 4344 5
1006 80 4 2201 4 2905 5
1006 1333 4 1747 4 2667 5
1006 848 2 4008 5 440 5
1006 3640 4 1683 5 2564 5
1006 2929 4 4994 5 382 5
1006 1930 3 3686 4 1661 5
1006 2715 4 55 5 3405 5
1006 666 3 3965 4 932 5
